           total.deg in.deg out.deg bet       clo        eig cor
Literature        12      6       6   9 1.0010865 0.57703010   9
Art               10      4       6  17 1.0790437 0.38052216   9
Warfare           11      5       6   3 0.9795617 0.42555817   9
Business          14      6       8  29 1.0864992 0.54318259   9
Humanities        14      7       7  22 1.1783989 0.52447741   9
Personal          27     15      12  39 1.7464551 1.00000000   9
Media             13      9       4  13 0.8939832 0.48138734   9
Law                9      3       6   3 1.0625487 0.43202253   9
Sports             3      1       2   8 1.1702978 0.07524711   3
Religion           9      3       6   6 0.9564530 0.37426775   9
Royalty           10      6       4   6 0.9481145 0.37038537   9
Music              5      2       3   1 0.8118660 0.24450965   5
Science           10      5       5  13 0.9488471 0.54836392   8
Politics          17      9       8  15 1.3942626 0.68852227   9
Education         21     13       8  17 1.0741170 0.95284170   9
Explorers          7      2       5   3 0.8415774 0.30773567   7