Name	cricket	literature	family	church/royalty	sports	royalty	music	politics	military	explorers
Helmut Lent	0.01	0.02	0.1	0.02	0.02	0.04	0.01	0.02	0.76	0.01
Du Fu	0.01	0.4	0.36	0.09	0.01	0.02	0.02	0.03	0.02	0.04
John Frusciante	0.01	0.03	0.29	0.0	0.01	0.0	0.64	0.01	0.0	0.01
Toru Takemitsu	0.0	0.15	0.25	0.01	0.01	0.01	0.52	0.01	0.03	0.02
Colley Cibber	0.02	0.45	0.28	0.01	0.01	0.16	0.03	0.01	0.01	0.01
Bedřich Smetana	0.0	0.11	0.31	0.02	0.01	0.04	0.45	0.02	0.03	0.01
Nikolai Kulikovsky	0.0	0.02	0.19	0.01	0.03	0.47	0.0	0.02	0.14	0.12
Rebecca Clarke (composer)	0.02	0.22	0.17	0.01	0.02	0.06	0.46	0.02	0.01	0.02
Assassination of William McKinley	0.01	0.03	0.48	0.0	0.02	0.01	0.02	0.36	0.02	0.05
Blair Wark	0.03	0.01	0.08	0.01	0.02	0.04	0.01	0.01	0.75	0.03
Tool (band)	0.01	0.05	0.22	0.01	0.02	0.01	0.66	0.01	0.01	0.01
Edwin P. Morrow	0.01	0.02	0.16	0.01	0.02	0.02	0.01	0.7	0.02	0.03
Wayne Gretzky	0.01	0.02	0.21	0.01	0.67	0.01	0.02	0.02	0.01	0.01
Henry (Bishop of Finland)	0.01	0.03	0.2	0.53	0.01	0.16	0.01	0.01	0.01	0.03
Jimmy McAleer	0.02	0.06	0.23	0.01	0.5	0.04	0.01	0.1	0.01	0.02
Sviatoslav I of Kiev	0.01	0.04	0.21	0.55	0.02	0.06	0.01	0.02	0.04	0.05
Roman Vishniac	0.01	0.46	0.3	0.06	0.01	0.01	0.03	0.02	0.05	0.06
Edward Low	0.01	0.06	0.27	0.02	0.02	0.05	0.02	0.01	0.05	0.49
George II of Great Britain	0.01	0.01	0.22	0.01	0.01	0.63	0.01	0.04	0.06	0.01
Olivier Messiaen	0.01	0.16	0.12	0.02	0.01	0.04	0.6	0.02	0.01	0.0
Georgette Heyer	0.01	0.5	0.3	0.01	0.01	0.07	0.02	0.02	0.02	0.01
George V	0.02	0.04	0.21	0.01	0.01	0.51	0.01	0.07	0.1	0.02
George Hirst	0.79	0.01	0.16	0.0	0.01	0.01	0.0	0.0	0.0	0.0
Domenico Selvo	0.01	0.01	0.25	0.52	0.01	0.03	0.0	0.06	0.04	0.05
Suleiman the Magnificent	0.01	0.05	0.22	0.48	0.01	0.05	0.0	0.03	0.09	0.07
Roy Welensky	0.01	0.01	0.23	0.01	0.01	0.03	0.01	0.62	0.07	0.02
Clement of Dunblane	0.01	0.02	0.27	0.1	0.01	0.53	0.0	0.03	0.01	0.02
Kroger Babb	0.01	0.47	0.32	0.0	0.05	0.01	0.05	0.05	0.01	0.03
Cædwalla of Wessex	0.01	0.01	0.12	0.77	0.01	0.03	0.01	0.01	0.01	0.03
Hector Waller	0.02	0.02	0.1	0.02	0.02	0.03	0.01	0.02	0.72	0.03
Thomas C. Kinkaid	0.01	0.02	0.11	0.01	0.02	0.03	0.0	0.07	0.7	0.04
Nirvana (band)	0.01	0.02	0.25	0.01	0.01	0.0	0.65	0.02	0.01	0.01
William Wilberforce	0.01	0.08	0.32	0.02	0.0	0.15	0.0	0.37	0.0	0.05
Benjamin Mountfort	0.04	0.42	0.21	0.05	0.01	0.17	0.01	0.03	0.02	0.06
Jack Warner	0.01	0.44	0.27	0.0	0.04	0.02	0.05	0.1	0.04	0.03
Catherine de' Medici	0.01	0.05	0.29	0.05	0.01	0.52	0.01	0.01	0.02	0.03
Laurence of Canterbury	0.01	0.01	0.15	0.65	0.01	0.09	0.01	0.01	0.03	0.02
Charles Eaton (RAAF officer)	0.03	0.01	0.14	0.01	0.01	0.03	0.01	0.03	0.71	0.02
Shen Kuo	0.01	0.3	0.26	0.27	0.01	0.0	0.03	0.04	0.01	0.06
Bobby Eaton	0.02	0.02	0.16	0.01	0.68	0.02	0.04	0.01	0.01	0.02
George Moore (novelist)	0.01	0.56	0.23	0.01	0.02	0.1	0.01	0.03	0.01	0.02
Daisy Jugadai Napaltjarri	0.04	0.67	0.11	0.02	0.01	0.05	0.01	0.01	0.04	0.02
Henry Wood	0.03	0.05	0.27	0.01	0.02	0.07	0.5	0.01	0.03	0.0
Augustus Owsley Stanley	0.01	0.03	0.15	0.01	0.02	0.01	0.01	0.76	0.01	0.01
Elagabalus	0.0	0.12	0.19	0.5	0.01	0.05	0.05	0.03	0.03	0.01
John Treloar (museum administrator)	0.02	0.1	0.25	0.01	0.02	0.01	0.03	0.06	0.49	0.0
Frederick III, German Emperor	0.01	0.03	0.3	0.05	0.01	0.35	0.01	0.1	0.12	0.01
Uriel Sebree	0.01	0.01	0.16	0.01	0.02	0.01	0.02	0.14	0.2	0.43
John Douglas (architect)	0.01	0.44	0.13	0.03	0.01	0.31	0.01	0.01	0.03	0.02
The Orb	0.01	0.05	0.2	0.01	0.01	0.01	0.7	0.0	0.01	0.01
Woodes Rogers	0.01	0.02	0.23	0.01	0.0	0.11	0.01	0.05	0.04	0.52
Early life of Samuel Johnson	0.01	0.43	0.4	0.01	0.01	0.1	0.01	0.03	0.01	0.01
Offa of Mercia	0.01	0.01	0.13	0.76	0.0	0.05	0.0	0.01	0.01	0.01
Joseph Johnson (publisher)	0.01	0.51	0.28	0.01	0.01	0.08	0.0	0.07	0.01	0.02
Nicky Barr	0.04	0.01	0.16	0.01	0.06	0.02	0.02	0.01	0.63	0.03
Æthelred of Mercia	0.01	0.0	0.08	0.82	0.01	0.06	0.0	0.01	0.01	0.01
Faith Leech	0.11	0.03	0.21	0.01	0.52	0.02	0.01	0.02	0.04	0.03
Æthelberht of Kent	0.01	0.01	0.15	0.8	0.0	0.01	0.01	0.01	0.0	0.01
Frederick Scherger	0.02	0.02	0.17	0.0	0.01	0.01	0.01	0.04	0.7	0.01
Rhys ap Gruffydd	0.01	0.01	0.13	0.07	0.01	0.69	0.01	0.02	0.02	0.03
Sigi Schmid	0.03	0.02	0.11	0.01	0.71	0.0	0.02	0.04	0.04	0.02
Vidkun Quisling	0.01	0.03	0.38	0.02	0.0	0.03	0.01	0.14	0.29	0.09
Nguyen Chanh Thi	0.01	0.01	0.28	0.01	0.01	0.01	0.01	0.11	0.1	0.47
Luc Bourdon	0.01	0.02	0.1	0.01	0.76	0.01	0.04	0.02	0.01	0.01
Joel Selwood	0.07	0.03	0.08	0.0	0.77	0.01	0.0	0.02	0.01	0.01
Thomas Playford IV	0.04	0.04	0.32	0.01	0.0	0.02	0.0	0.49	0.07	0.01
Queen Elizabeth The Queen Mother	0.02	0.08	0.3	0.0	0.03	0.4	0.03	0.05	0.07	0.01
Constantine II of Scotland	0.0	0.01	0.1	0.74	0.01	0.1	0.01	0.01	0.01	0.01
Percy Grainger	0.02	0.12	0.3	0.01	0.01	0.06	0.4	0.02	0.04	0.02
Ernest Joyce	0.02	0.04	0.3	0.01	0.02	0.01	0.01	0.02	0.03	0.55
Edwin Taylor Pollock	0.01	0.05	0.12	0.02	0.03	0.03	0.03	0.17	0.22	0.32
Óengus I	0.01	0.02	0.09	0.76	0.01	0.06	0.01	0.01	0.01	0.01
Duncan Edwards	0.11	0.07	0.22	0.01	0.38	0.13	0.02	0.03	0.03	0.01
John W. Johnston	0.01	0.02	0.26	0.01	0.01	0.07	0.01	0.58	0.02	0.02
William IV of the United Kingdom	0.02	0.02	0.31	0.01	0.01	0.48	0.0	0.1	0.04	0.01
Alexander Cameron Rutherford	0.01	0.03	0.23	0.01	0.01	0.04	0.0	0.64	0.01	0.01
Mario Vargas Llosa	0.0	0.55	0.19	0.03	0.01	0.01	0.01	0.07	0.02	0.12
Ian Meckiff	0.74	0.01	0.19	0.0	0.02	0.01	0.0	0.02	0.01	0.01
Arthur Percival	0.03	0.02	0.23	0.01	0.01	0.06	0.01	0.01	0.57	0.04
Witold Pilecki	0.01	0.01	0.16	0.03	0.01	0.01	0.01	0.02	0.59	0.15
Theobald of Bec	0.0	0.01	0.17	0.03	0.0	0.75	0.0	0.02	0.01	0.0
Hugh Trumble	0.76	0.01	0.15	0.0	0.02	0.01	0.01	0.02	0.01	0.01
Wallis Simpson	0.01	0.11	0.27	0.01	0.01	0.47	0.01	0.03	0.05	0.04
Thomas Blamey	0.01	0.01	0.21	0.0	0.01	0.02	0.0	0.06	0.65	0.01
Urse d'Abetot	0.0	0.01	0.1	0.1	0.01	0.73	0.01	0.02	0.01	0.01
Guy Fawkes	0.02	0.04	0.32	0.02	0.01	0.45	0.01	0.02	0.01	0.08
Charles II of England	0.01	0.02	0.19	0.03	0.01	0.63	0.0	0.06	0.04	0.02
Early life and military career of John McCain	0.01	0.06	0.31	0.01	0.05	0.01	0.02	0.09	0.35	0.1
Jay Chou	0.01	0.27	0.19	0.01	0.04	0.01	0.43	0.01	0.02	0.01
Early life of Keith Miller	0.54	0.03	0.2	0.01	0.13	0.02	0.01	0.02	0.04	0.01
Thurisind	0.01	0.03	0.19	0.68	0.01	0.01	0.01	0.01	0.04	0.01
Richard Cordray	0.01	0.02	0.1	0.01	0.09	0.01	0.01	0.73	0.01	0.01
Henry Edwards (entomologist)	0.03	0.41	0.18	0.01	0.05	0.16	0.01	0.06	0.03	0.06
Don Dunstan	0.04	0.06	0.31	0.01	0.01	0.02	0.01	0.51	0.02	0.01
Lindsay Hassett with the Australian cricket team in England in 1948	0.9	0.0	0.08	0.0	0.0	0.0	0.0	0.0	0.0	0.0
Wesley Clark	0.01	0.03	0.26	0.01	0.03	0.01	0.01	0.26	0.37	0.01
Harmon Killebrew	0.05	0.01	0.12	0.01	0.76	0.01	0.01	0.02	0.01	0.0
Stede Bonnet	0.02	0.03	0.21	0.01	0.02	0.07	0.01	0.02	0.05	0.56
George I of Greece	0.01	0.01	0.17	0.2	0.02	0.35	0.01	0.11	0.09	0.03
Hedley Verity	0.76	0.01	0.16	0.01	0.01	0.0	0.0	0.01	0.03	0.0
Neil Hamilton Fairley	0.02	0.11	0.24	0.01	0.01	0.01	0.01	0.06	0.51	0.01
Dominik Hašek	0.01	0.01	0.13	0.01	0.78	0.01	0.02	0.02	0.01	0.01
The Smashing Pumpkins	0.01	0.03	0.22	0.01	0.01	0.01	0.69	0.01	0.01	0.01
Makinti Napanangka	0.05	0.65	0.1	0.03	0.01	0.01	0.03	0.05	0.04	0.02
Benjamin Harrison	0.0	0.02	0.17	0.01	0.01	0.04	0.01	0.7	0.02	0.03
Augustine of Canterbury	0.01	0.02	0.17	0.66	0.01	0.09	0.01	0.0	0.02	0.01
C. D. Howe	0.01	0.01	0.31	0.0	0.01	0.05	0.01	0.54	0.06	0.01
Chester A. Arthur	0.01	0.02	0.22	0.0	0.01	0.03	0.0	0.68	0.03	0.01
Thomas the Slav	0.01	0.01	0.28	0.52	0.01	0.02	0.01	0.02	0.08	0.05
Attalus I	0.02	0.01	0.23	0.57	0.02	0.02	0.0	0.02	0.06	0.05
James Joyce	0.0	0.45	0.31	0.03	0.01	0.08	0.02	0.03	0.01	0.05
David Lewis (politician)	0.01	0.05	0.27	0.01	0.02	0.04	0.01	0.55	0.03	0.02
Robert Burnell	0.02	0.01	0.16	0.04	0.02	0.63	0.01	0.08	0.03	0.01
James VI and I	0.01	0.04	0.24	0.02	0.01	0.59	0.01	0.03	0.01	0.04
Thomas Percy (Gunpowder Plot)	0.02	0.01	0.29	0.01	0.01	0.56	0.01	0.02	0.02	0.06
Gustav Mahler	0.01	0.08	0.29	0.02	0.02	0.04	0.49	0.02	0.04	0.0
Ernie Toshack with the Australian cricket team in England in 1948	0.9	0.01	0.06	0.0	0.01	0.0	0.0	0.01	0.0	0.01
Martin Bucer	0.0	0.02	0.31	0.45	0.01	0.15	0.0	0.03	0.02	0.0
Egbert of Wessex	0.01	0.01	0.12	0.79	0.01	0.05	0.01	0.01	0.01	0.0
Baldwin of Forde	0.01	0.06	0.13	0.09	0.01	0.65	0.01	0.01	0.01	0.02
Honoré de Balzac	0.01	0.49	0.33	0.02	0.01	0.06	0.03	0.02	0.01	0.03
Princess Victoria of Hesse and by Rhine	0.02	0.04	0.28	0.01	0.01	0.51	0.02	0.01	0.08	0.03
Fred Moosally	0.01	0.03	0.24	0.01	0.06	0.0	0.02	0.12	0.46	0.05
Grand Duchess Olga Alexandrovna of Russia	0.0	0.04	0.26	0.01	0.01	0.44	0.01	0.03	0.1	0.1
Ine of Wessex	0.01	0.01	0.14	0.71	0.01	0.05	0.01	0.03	0.01	0.01
Damageplan	0.02	0.02	0.24	0.02	0.03	0.01	0.54	0.03	0.03	0.06
William Goebel	0.0	0.02	0.24	0.01	0.01	0.01	0.01	0.66	0.02	0.03
Black Francis	0.01	0.05	0.17	0.01	0.01	0.03	0.67	0.01	0.01	0.04
Thomas Crisp	0.04	0.04	0.24	0.01	0.01	0.06	0.01	0.02	0.23	0.33
CM Punk	0.02	0.03	0.17	0.01	0.68	0.01	0.04	0.01	0.01	0.01
Stanley Holloway	0.03	0.46	0.14	0.01	0.04	0.07	0.14	0.03	0.06	0.02
Prince Sadruddin Aga Khan	0.01	0.32	0.16	0.07	0.01	0.12	0.01	0.16	0.04	0.08
Siward, Earl of Northumbria	0.01	0.01	0.12	0.59	0.01	0.23	0.0	0.01	0.01	0.01
Manuel I Komnenos	0.01	0.01	0.27	0.55	0.01	0.05	0.0	0.02	0.05	0.02
George B. McClellan	0.01	0.02	0.3	0.01	0.01	0.02	0.01	0.28	0.29	0.05
Nick Adenhart	0.01	0.03	0.1	0.01	0.73	0.03	0.02	0.04	0.01	0.03
Paul Kane	0.01	0.27	0.19	0.01	0.04	0.03	0.02	0.04	0.02	0.36
Thomas Cranmer	0.0	0.04	0.31	0.14	0.01	0.46	0.0	0.03	0.01	0.0
Joel Brand	0.0	0.02	0.35	0.01	0.0	0.01	0.01	0.04	0.09	0.46
Karl Aloys zu Fürstenberg	0.01	0.0	0.14	0.05	0.01	0.11	0.01	0.01	0.64	0.03
Nikita Khrushchev	0.0	0.03	0.35	0.01	0.0	0.01	0.01	0.2	0.35	0.04
William Gibson	0.01	0.51	0.28	0.01	0.03	0.01	0.1	0.02	0.01	0.02
Beorhtwulf of Mercia	0.01	0.01	0.11	0.74	0.01	0.06	0.01	0.02	0.01	0.01
Paul Collingwood	0.76	0.01	0.1	0.0	0.09	0.01	0.01	0.01	0.01	0.01
John Lerew	0.01	0.02	0.18	0.02	0.01	0.03	0.02	0.02	0.67	0.02
William McGregor (football)	0.05	0.03	0.32	0.02	0.37	0.05	0.01	0.12	0.01	0.02
Rufus Wilmot Griswold	0.01	0.5	0.31	0.01	0.01	0.07	0.02	0.04	0.01	0.02
Angus Lewis Macdonald	0.02	0.03	0.26	0.0	0.01	0.05	0.01	0.54	0.05	0.03
George F. Kennan	0.0	0.09	0.31	0.02	0.01	0.01	0.01	0.37	0.17	0.01
Judy Garland	0.02	0.41	0.25	0.01	0.06	0.03	0.16	0.02	0.03	0.01
George Jones (RAAF officer)	0.01	0.01	0.21	0.01	0.01	0.01	0.01	0.06	0.65	0.01
Thomas C. Hindman	0.01	0.02	0.2	0.01	0.01	0.04	0.01	0.35	0.1	0.25
John Calvin	0.0	0.08	0.3	0.43	0.01	0.11	0.01	0.02	0.02	0.03
Joseph Barbera	0.02	0.63	0.18	0.01	0.05	0.01	0.05	0.04	0.02	0.01
George Macaulay	0.78	0.01	0.13	0.01	0.01	0.01	0.01	0.01	0.02	0.0
William of Tyre	0.01	0.07	0.18	0.45	0.01	0.23	0.01	0.02	0.01	0.02
Trevor Linden	0.01	0.0	0.08	0.01	0.84	0.01	0.01	0.01	0.01	0.0
Peter Heywood	0.01	0.02	0.31	0.01	0.01	0.1	0.01	0.02	0.05	0.46
John Brooke-Little	0.02	0.12	0.13	0.02	0.02	0.52	0.01	0.05	0.11	0.01
Otto Becher	0.01	0.01	0.1	0.01	0.02	0.03	0.01	0.01	0.79	0.01
Frank Zappa	0.0	0.11	0.24	0.01	0.02	0.01	0.54	0.05	0.01	0.02
Alister Murdoch	0.01	0.01	0.15	0.0	0.01	0.02	0.0	0.03	0.75	0.01
Pierre Rossier	0.02	0.3	0.16	0.03	0.02	0.04	0.02	0.01	0.02	0.39
Ayumi Hamasaki	0.01	0.09	0.22	0.0	0.02	0.01	0.62	0.01	0.01	0.01
Princess Charlotte of Wales	0.01	0.03	0.41	0.0	0.01	0.5	0.01	0.01	0.01	0.01
Keith Miller with the Australian cricket team in England in 1948	0.84	0.01	0.13	0.0	0.0	0.0	0.01	0.0	0.01	0.0
Ian Craig	0.76	0.01	0.15	0.0	0.02	0.01	0.01	0.02	0.01	0.01
Donald Bradman with the Australian cricket team in England in 1948	0.83	0.0	0.15	0.0	0.0	0.0	0.0	0.0	0.01	0.0
Richard Gavin Reid	0.01	0.02	0.33	0.01	0.01	0.01	0.01	0.58	0.02	0.01
George H. D. Gossip	0.06	0.2	0.23	0.01	0.39	0.05	0.01	0.02	0.02	0.02
Harry McNish	0.02	0.04	0.35	0.01	0.02	0.04	0.01	0.02	0.02	0.48
Ronald Niel Stuart	0.01	0.03	0.22	0.01	0.03	0.05	0.01	0.02	0.5	0.12
George III of the United Kingdom	0.01	0.04	0.26	0.03	0.01	0.5	0.01	0.11	0.01	0.04
Austin Nichols	0.02	0.38	0.19	0.01	0.22	0.01	0.05	0.03	0.03	0.06
Frank McNamara (VC)	0.03	0.02	0.14	0.01	0.01	0.03	0.01	0.03	0.72	0.01
James Nesbitt	0.02	0.47	0.25	0.01	0.07	0.03	0.09	0.03	0.03	0.01
Bert Trautmann	0.08	0.02	0.25	0.01	0.43	0.02	0.01	0.03	0.12	0.02
Ethan Hawke	0.01	0.55	0.18	0.0	0.06	0.02	0.1	0.03	0.01	0.02
Harriet Bosse	0.01	0.33	0.33	0.01	0.01	0.03	0.04	0.01	0.01	0.21
Aeneas Mackintosh	0.02	0.03	0.29	0.01	0.01	0.02	0.01	0.02	0.04	0.54
Ban Ki-moon	0.01	0.04	0.21	0.01	0.03	0.01	0.01	0.48	0.11	0.1
John J. Crittenden	0.0	0.01	0.17	0.0	0.0	0.03	0.0	0.75	0.01	0.01
Robert Peake the elder	0.01	0.3	0.2	0.03	0.01	0.38	0.02	0.01	0.02	0.02
Bill O'Reilly (cricketer)	0.69	0.04	0.18	0.0	0.02	0.02	0.0	0.02	0.02	0.01
Edmund Evans	0.02	0.66	0.21	0.0	0.02	0.03	0.02	0.01	0.01	0.02
Albert, Prince Consort	0.01	0.07	0.26	0.02	0.01	0.54	0.01	0.05	0.03	0.01
Stereolab	0.02	0.05	0.17	0.01	0.01	0.01	0.69	0.02	0.01	0.01
Sex Pistols	0.01	0.06	0.32	0.01	0.01	0.02	0.52	0.02	0.01	0.02
Bill Ponsford	0.69	0.01	0.19	0.01	0.04	0.02	0.01	0.01	0.02	0.01
Richard Williams (RAAF officer)	0.03	0.02	0.18	0.0	0.02	0.02	0.01	0.05	0.66	0.01
Joseph W. Tkach	0.01	0.06	0.35	0.3	0.01	0.02	0.04	0.14	0.03	0.03
Ellis Wackett	0.02	0.02	0.16	0.01	0.01	0.02	0.01	0.05	0.69	0.02
Prince Louis of Battenberg	0.01	0.03	0.18	0.02	0.02	0.42	0.01	0.02	0.26	0.04
Valston Hancock	0.01	0.01	0.13	0.01	0.01	0.03	0.0	0.03	0.73	0.02
Caroline of Ansbach	0.01	0.03	0.26	0.02	0.01	0.63	0.01	0.01	0.01	0.02
Oswald Watt	0.05	0.03	0.2	0.01	0.01	0.07	0.01	0.04	0.57	0.02
Wilfred Rhodes	0.76	0.01	0.19	0.0	0.01	0.01	0.0	0.01	0.01	0.0
Masako Katsura	0.07	0.07	0.19	0.0	0.58	0.02	0.01	0.01	0.02	0.02
Tiridates I of Armenia	0.01	0.02	0.24	0.53	0.01	0.04	0.02	0.04	0.06	0.03
Maximian	0.01	0.01	0.22	0.61	0.01	0.02	0.0	0.02	0.06	0.04
Murray Maxwell	0.02	0.01	0.22	0.02	0.01	0.05	0.01	0.02	0.23	0.42
Preity Zinta	0.07	0.56	0.22	0.01	0.03	0.01	0.03	0.02	0.03	0.01
John Francis Jackson	0.03	0.02	0.17	0.01	0.04	0.04	0.02	0.01	0.64	0.02
Bernard Bosanquet (cricketer)	0.75	0.02	0.16	0.0	0.02	0.02	0.0	0.0	0.01	0.01
Harry Chauvel	0.02	0.02	0.14	0.01	0.01	0.06	0.0	0.03	0.7	0.02
Fridtjof Nansen	0.01	0.04	0.3	0.02	0.03	0.03	0.02	0.04	0.04	0.47
Francis Tresham	0.01	0.02	0.32	0.01	0.01	0.55	0.01	0.02	0.01	0.04
James Thomas Aubrey, Jr.	0.01	0.38	0.35	0.0	0.07	0.01	0.03	0.1	0.03	0.01
Noël Coward	0.03	0.5	0.25	0.01	0.01	0.05	0.09	0.01	0.02	0.01
Walter de Coventre	0.01	0.02	0.13	0.07	0.01	0.67	0.01	0.04	0.02	0.02
Luís Alves de Lima e Silva, Duke of Caxias	0.01	0.01	0.23	0.42	0.0	0.03	0.0	0.14	0.13	0.03
Sandy Koufax	0.02	0.03	0.16	0.01	0.74	0.01	0.01	0.01	0.01	0.01
José Paranhos, Viscount of Rio Branco	0.0	0.01	0.28	0.37	0.01	0.01	0.01	0.26	0.04	0.01
Wilfrid	0.0	0.02	0.18	0.64	0.01	0.13	0.01	0.01	0.0	0.01
Nikita Filatov	0.01	0.01	0.13	0.01	0.75	0.01	0.01	0.03	0.03	0.01
Ramón Emeterio Betances	0.0	0.06	0.25	0.04	0.01	0.01	0.01	0.09	0.01	0.51
Wiglaf of Mercia	0.01	0.01	0.12	0.8	0.01	0.03	0.01	0.01	0.01	0.01
Geoffrey (archbishop of York)	0.01	0.01	0.17	0.02	0.01	0.74	0.0	0.03	0.01	0.01
Jack Marsh	0.63	0.02	0.2	0.01	0.03	0.02	0.01	0.05	0.01	0.01
Chinua Achebe	0.01	0.47	0.33	0.02	0.01	0.02	0.02	0.06	0.02	0.04
Roger Waters	0.02	0.07	0.18	0.01	0.02	0.03	0.61	0.02	0.03	0.02
William Warelwast	0.01	0.01	0.12	0.07	0.01	0.73	0.01	0.03	0.01	0.01
John Balmer	0.04	0.01	0.13	0.01	0.02	0.02	0.02	0.02	0.72	0.01
Walter Bache	0.01	0.07	0.32	0.01	0.01	0.04	0.5	0.02	0.01	0.01
James Russell Lowell	0.01	0.48	0.3	0.01	0.02	0.07	0.01	0.09	0.01	0.01
Bob Dylan	0.01	0.13	0.22	0.01	0.02	0.01	0.54	0.03	0.01	0.02
Henry Wells (general)	0.02	0.01	0.1	0.01	0.01	0.02	0.01	0.01	0.81	0.01
Alexander of Lincoln	0.01	0.02	0.08	0.06	0.02	0.77	0.01	0.02	0.02	0.01
Abdul Karim (the Munshi)	0.01	0.05	0.36	0.0	0.01	0.46	0.0	0.03	0.01	0.07
Ernie Toshack	0.78	0.01	0.09	0.01	0.04	0.01	0.01	0.02	0.01	0.01
Damon Hill	0.04	0.01	0.16	0.01	0.68	0.02	0.03	0.01	0.02	0.01
Ælfheah of Canterbury	0.02	0.02	0.17	0.43	0.02	0.24	0.02	0.04	0.02	0.03
Mariano Rivera	0.02	0.01	0.2	0.0	0.72	0.0	0.02	0.01	0.01	0.01
Susianna Kentikian	0.01	0.02	0.17	0.03	0.63	0.01	0.03	0.02	0.06	0.02
Alcibiades	0.01	0.03	0.33	0.47	0.01	0.01	0.0	0.04	0.05	0.04
Pericles	0.01	0.02	0.33	0.49	0.01	0.01	0.0	0.09	0.02	0.01
Robert Catesby	0.01	0.02	0.33	0.01	0.0	0.54	0.01	0.02	0.01	0.06
The Turk	0.01	0.18	0.28	0.01	0.31	0.05	0.04	0.05	0.06	0.02
Cillian Murphy	0.02	0.46	0.22	0.01	0.03	0.02	0.19	0.03	0.01	0.01
W. S. Gilbert	0.03	0.48	0.28	0.01	0.0	0.07	0.09	0.02	0.01	0.01
John de Gray	0.01	0.01	0.12	0.03	0.01	0.68	0.01	0.09	0.03	0.01
William Longchamp	0.01	0.01	0.15	0.03	0.01	0.74	0.01	0.02	0.01	0.02
Wally Hammond	0.72	0.01	0.2	0.0	0.02	0.01	0.0	0.01	0.02	0.01
Zhou Tong (archer)	0.0	0.47	0.25	0.09	0.02	0.02	0.03	0.01	0.04	0.07
Huldrych Zwingli	0.0	0.04	0.3	0.5	0.01	0.03	0.02	0.07	0.03	0.01
Samuel Johnson	0.01	0.46	0.39	0.01	0.01	0.1	0.01	0.02	0.0	0.01
Charlie Macartney	0.82	0.01	0.11	0.0	0.01	0.01	0.01	0.01	0.02	0.0
Mark Kerry	0.09	0.02	0.18	0.01	0.63	0.01	0.01	0.04	0.01	0.01
Paul Nobuo Tatsuguchi	0.01	0.03	0.28	0.01	0.01	0.02	0.02	0.01	0.18	0.43
Alice in Chains	0.01	0.01	0.17	0.0	0.02	0.01	0.76	0.01	0.0	0.02
Pearl Jam	0.01	0.02	0.19	0.01	0.02	0.01	0.69	0.04	0.01	0.01
Sasha (DJ)	0.02	0.03	0.17	0.0	0.03	0.01	0.68	0.02	0.01	0.01
Ian O'Brien	0.12	0.03	0.15	0.02	0.6	0.01	0.02	0.02	0.02	0.02
Werner Mölders	0.01	0.02	0.17	0.01	0.02	0.05	0.01	0.01	0.68	0.03
Joseph Szigeti	0.0	0.12	0.34	0.02	0.01	0.01	0.42	0.02	0.02	0.02
Deusdedit of Canterbury	0.01	0.02	0.12	0.65	0.02	0.07	0.02	0.05	0.01	0.01
Ambrose Rookwood	0.01	0.02	0.3	0.02	0.01	0.54	0.02	0.01	0.02	0.07
Pham Ngoc Thao	0.0	0.01	0.26	0.01	0.01	0.01	0.01	0.09	0.08	0.53
Anna May Wong	0.01	0.6	0.24	0.01	0.03	0.02	0.04	0.01	0.01	0.03
Nancy Reagan	0.01	0.27	0.32	0.0	0.03	0.04	0.03	0.27	0.02	0.01
Steve Bruce	0.09	0.02	0.22	0.01	0.59	0.02	0.01	0.02	0.02	0.01
Clements Markham	0.01	0.1	0.22	0.02	0.01	0.08	0.0	0.05	0.08	0.44
Georges Bizet	0.01	0.14	0.28	0.02	0.02	0.07	0.42	0.01	0.01	0.02
Theoren Fleury	0.01	0.03	0.21	0.01	0.67	0.01	0.02	0.03	0.01	0.02
Jarome Iginla	0.01	0.01	0.13	0.0	0.77	0.02	0.01	0.03	0.01	0.01
Ivan Alexander of Bulgaria	0.01	0.03	0.14	0.71	0.01	0.05	0.01	0.03	0.01	0.01
Nigel (Bishop of Ely)	0.09	0.09	0.09	0.11	0.09	0.15	0.09	0.09	0.09	0.09
Teresa Cristina of the Two Sicilies	0.01	0.09	0.39	0.27	0.01	0.17	0.02	0.02	0.01	0.02
Dmitri Shostakovich	0.0	0.1	0.3	0.03	0.01	0.01	0.41	0.04	0.08	0.01
Elliott Smith	0.0	0.1	0.29	0.01	0.03	0.01	0.49	0.02	0.0	0.04
William de St-Calais	0.01	0.01	0.2	0.14	0.01	0.6	0.01	0.02	0.01	0.01
Steve Dodd	0.1	0.48	0.14	0.02	0.06	0.02	0.04	0.02	0.08	0.04
Józef Piłsudski	0.0	0.01	0.24	0.07	0.0	0.03	0.0	0.15	0.44	0.05
Diane Keaton	0.02	0.59	0.23	0.0	0.04	0.01	0.08	0.02	0.0	0.01
Peter Jeffrey (RAAF officer)	0.02	0.02	0.11	0.01	0.01	0.02	0.01	0.01	0.78	0.01
Francis Harvey	0.06	0.02	0.18	0.01	0.02	0.05	0.02	0.01	0.58	0.05
Kevin O'Halloran	0.11	0.02	0.13	0.02	0.6	0.01	0.02	0.03	0.06	0.02
John Lloyd Waddy	0.04	0.02	0.1	0.01	0.02	0.03	0.01	0.16	0.59	0.01
Joy Division	0.02	0.06	0.29	0.01	0.03	0.01	0.55	0.01	0.03	0.01
Frank Klepacki	0.01	0.06	0.2	0.01	0.07	0.01	0.56	0.02	0.06	0.01
William Burges	0.01	0.53	0.22	0.02	0.01	0.17	0.01	0.01	0.01	0.01
R.E.M.	0.01	0.02	0.23	0.01	0.01	0.01	0.63	0.07	0.0	0.01
Ian Johnson (cricketer)	0.76	0.01	0.14	0.0	0.01	0.01	0.0	0.02	0.03	0.0
P. K. van der Byl	0.01	0.03	0.27	0.02	0.0	0.02	0.01	0.47	0.1	0.06
Gwen Stefani	0.01	0.13	0.22	0.01	0.02	0.02	0.56	0.01	0.01	0.01
Jesse L. Brown	0.07	0.05	0.21	0.01	0.02	0.01	0.01	0.13	0.42	0.08
Richard II of England	0.01	0.04	0.29	0.07	0.01	0.51	0.0	0.02	0.01	0.03
Kathleen Ferrier	0.02	0.06	0.29	0.01	0.03	0.09	0.45	0.02	0.03	0.01
Heinrich Bär	0.02	0.02	0.14	0.02	0.02	0.01	0.01	0.01	0.76	0.02
Giovanni Villani	0.01	0.11	0.31	0.42	0.02	0.06	0.01	0.04	0.0	0.02
Satyajit Ray	0.02	0.65	0.21	0.02	0.01	0.01	0.04	0.02	0.01	0.01
Sylvanus Morley	0.01	0.2	0.31	0.32	0.01	0.01	0.02	0.03	0.02	0.07
Happy Chandler	0.0	0.02	0.18	0.0	0.11	0.01	0.01	0.65	0.01	0.0
Keith Johnson (cricket administrator)	0.48	0.03	0.3	0.01	0.01	0.02	0.01	0.05	0.08	0.02
Mário de Andrade	0.01	0.43	0.27	0.15	0.01	0.01	0.09	0.01	0.01	0.02
James Garrard	0.01	0.01	0.17	0.01	0.01	0.04	0.01	0.71	0.01	0.02
Rachel Carson	0.01	0.32	0.31	0.0	0.01	0.0	0.01	0.28	0.02	0.04
Philitas of Cos	0.02	0.3	0.16	0.44	0.01	0.02	0.01	0.01	0.01	0.01
Mark Tonelli	0.1	0.02	0.22	0.01	0.55	0.01	0.01	0.04	0.02	0.02
Harry Trott	0.66	0.02	0.21	0.01	0.03	0.03	0.01	0.03	0.01	0.01
Rudolph Cartier	0.01	0.56	0.22	0.02	0.01	0.01	0.07	0.04	0.03	0.03
Hastings Ismay, 1st Baron Ismay	0.01	0.02	0.26	0.01	0.01	0.08	0.01	0.1	0.49	0.02
Orval Grove	0.01	0.01	0.12	0.01	0.76	0.02	0.01	0.03	0.02	0.02
Eduard Streltsov	0.03	0.03	0.22	0.01	0.58	0.01	0.01	0.03	0.08	0.01
George Calvert, 1st Baron Baltimore	0.01	0.02	0.26	0.01	0.01	0.51	0.01	0.09	0.01	0.09
Daniel Sedin	0.01	0.01	0.04	0.01	0.9	0.01	0.01	0.01	0.0	0.01
Rutherford B. Hayes	0.0	0.02	0.2	0.01	0.01	0.01	0.0	0.69	0.05	0.01
Coenwulf of Mercia	0.0	0.02	0.12	0.72	0.01	0.07	0.01	0.03	0.01	0.01
Le Quang Tung	0.02	0.01	0.17	0.01	0.01	0.01	0.0	0.04	0.1	0.63
Selena	0.02	0.08	0.15	0.02	0.06	0.03	0.47	0.05	0.03	0.1
Charlotte Stuart, Duchess of Albany	0.0	0.06	0.28	0.03	0.01	0.55	0.02	0.01	0.02	0.03
George I of Great Britain	0.01	0.01	0.21	0.03	0.01	0.63	0.01	0.06	0.03	0.01
Frederick Delius	0.01	0.12	0.26	0.01	0.01	0.06	0.5	0.01	0.01	0.02
Ton That Dinh	0.01	0.01	0.26	0.01	0.01	0.01	0.0	0.08	0.11	0.5
Karmichael Hunt	0.15	0.01	0.16	0.0	0.61	0.01	0.01	0.02	0.02	0.01
Edmund Herring	0.02	0.03	0.14	0.01	0.01	0.06	0.01	0.09	0.62	0.02
Bart King	0.55	0.05	0.16	0.01	0.07	0.09	0.01	0.02	0.01	0.02
Sam Loxton	0.72	0.01	0.14	0.0	0.04	0.01	0.01	0.06	0.02	0.0
Adrian Cole (RAAF officer)	0.02	0.01	0.1	0.01	0.01	0.03	0.01	0.04	0.75	0.02
John L. Helm	0.02	0.01	0.13	0.01	0.01	0.01	0.01	0.76	0.02	0.02
Robert de Chesney	0.01	0.01	0.11	0.05	0.01	0.76	0.01	0.02	0.01	0.01
Slayer	0.02	0.02	0.18	0.03	0.03	0.03	0.64	0.01	0.02	0.02
Roderic Dallas	0.06	0.03	0.24	0.01	0.04	0.01	0.01	0.01	0.55	0.04
Bill Russell	0.01	0.03	0.23	0.01	0.68	0.01	0.01	0.03	0.01	0.01
Frank Bladin	0.01	0.02	0.11	0.01	0.01	0.01	0.01	0.01	0.8	0.01
Bob Meusel	0.1	0.02	0.06	0.01	0.72	0.01	0.01	0.02	0.03	0.02
Richard Hawes	0.01	0.01	0.13	0.02	0.01	0.05	0.02	0.61	0.1	0.03
Bernard Fanning	0.08	0.05	0.25	0.01	0.01	0.03	0.53	0.02	0.01	0.01
George Fox	0.02	0.1	0.42	0.04	0.01	0.3	0.01	0.03	0.01	0.06
Bill Brown (cricketer)	0.83	0.01	0.1	0.01	0.01	0.01	0.0	0.01	0.01	0.01
Phil Hartman	0.01	0.3	0.27	0.01	0.28	0.02	0.08	0.02	0.01	0.01
Sir William Bruce, 1st Baronet, of Balcaskie	0.01	0.11	0.19	0.01	0.02	0.53	0.03	0.01	0.02	0.07
Gregory of Nazianzus	0.0	0.04	0.28	0.53	0.01	0.04	0.01	0.05	0.01	0.02
Princess Beatrice of the United Kingdom	0.01	0.03	0.31	0.01	0.01	0.58	0.01	0.01	0.01	0.01
Mozart in Italy	0.02	0.02	0.31	0.06	0.02	0.28	0.23	0.0	0.02	0.02
Benjamin Morrell	0.01	0.09	0.28	0.01	0.02	0.03	0.01	0.01	0.01	0.53
Ian Chappell	0.65	0.04	0.17	0.0	0.07	0.01	0.01	0.03	0.01	0.01
Brian Horrocks	0.02	0.02	0.21	0.01	0.03	0.04	0.01	0.02	0.62	0.01
Jim Thorpe	0.01	0.08	0.21	0.02	0.53	0.03	0.01	0.05	0.01	0.05
Ngo Dinh Can	0.01	0.01	0.24	0.02	0.01	0.01	0.01	0.1	0.04	0.55
Bruce Kingsbury	0.02	0.02	0.18	0.01	0.03	0.02	0.03	0.01	0.62	0.05
J. C. W. Beckham	0.01	0.01	0.14	0.01	0.03	0.01	0.01	0.77	0.01	0.01
W. B. Yeats	0.01	0.49	0.32	0.02	0.01	0.07	0.03	0.04	0.02	0.01
Wintjiya Napaltjarri	0.03	0.7	0.09	0.02	0.01	0.03	0.02	0.01	0.06	0.03
Richard Hakluyt	0.01	0.16	0.09	0.03	0.02	0.27	0.01	0.02	0.01	0.38
Solomon P. Sharp	0.01	0.04	0.14	0.02	0.01	0.03	0.01	0.65	0.04	0.05
Arrest and assassination of Ngo Dinh Diem	0.0	0.0	0.31	0.01	0.01	0.01	0.01	0.07	0.05	0.52
Vivien Leigh	0.03	0.51	0.34	0.01	0.01	0.04	0.03	0.01	0.02	0.01
Russell T Davies	0.03	0.53	0.22	0.01	0.07	0.03	0.09	0.03	0.0	0.01
Terry Sanford	0.01	0.05	0.18	0.01	0.02	0.04	0.02	0.59	0.05	0.02
Ian Dougald McLachlan	0.02	0.01	0.09	0.01	0.01	0.02	0.01	0.03	0.8	0.02
André Kertész	0.01	0.55	0.23	0.02	0.02	0.03	0.03	0.02	0.02	0.06
George Went Hensley	0.01	0.03	0.35	0.08	0.01	0.05	0.03	0.37	0.01	0.06
Walter Peeler	0.03	0.01	0.12	0.01	0.01	0.04	0.01	0.02	0.73	0.02
Barthélemy Boganda	0.01	0.05	0.25	0.05	0.01	0.03	0.01	0.23	0.03	0.33
William Cragh	0.01	0.01	0.35	0.03	0.01	0.5	0.01	0.02	0.01	0.05
Maximus the Confessor	0.01	0.04	0.16	0.65	0.01	0.02	0.03	0.03	0.02	0.01
Jonathan Agnew	0.52	0.09	0.26	0.01	0.05	0.02	0.03	0.01	0.01	0.01
Kevin Pietersen	0.73	0.01	0.17	0.0	0.05	0.01	0.01	0.01	0.01	0.0
Elwood Haynes	0.01	0.08	0.34	0.01	0.03	0.01	0.01	0.47	0.02	0.02
William III of England	0.01	0.01	0.22	0.02	0.01	0.6	0.01	0.06	0.05	0.01
George Washington Dixon	0.02	0.18	0.34	0.02	0.02	0.02	0.09	0.26	0.01	0.04
Godsmack	0.01	0.03	0.15	0.01	0.03	0.01	0.72	0.01	0.01	0.01
Pyotr Ilyich Tchaikovsky	0.0	0.1	0.37	0.01	0.01	0.02	0.45	0.02	0.02	0.0
Ima Hogg	0.01	0.24	0.24	0.0	0.02	0.04	0.04	0.1	0.01	0.29
Virginia Eliza Clemm Poe	0.01	0.37	0.37	0.01	0.0	0.14	0.01	0.04	0.01	0.03
Albert Speer	0.01	0.11	0.37	0.02	0.01	0.02	0.01	0.08	0.37	0.02
Winfield Scott Hancock	0.01	0.04	0.18	0.01	0.02	0.01	0.01	0.32	0.35	0.05
David I of Scotland	0.01	0.01	0.22	0.22	0.01	0.5	0.0	0.01	0.01	0.01
Robert of Jumièges	0.01	0.01	0.19	0.1	0.0	0.65	0.01	0.01	0.01	0.01
Stamata Revithi	0.01	0.09	0.26	0.13	0.35	0.02	0.01	0.05	0.03	0.05
John Edward Brownlee as Attorney-General of Alberta	0.01	0.01	0.28	0.0	0.01	0.03	0.01	0.63	0.01	0.01
William Henry Harrison	0.01	0.02	0.21	0.02	0.01	0.03	0.01	0.61	0.04	0.04
Franklin Knight Lane	0.01	0.03	0.24	0.01	0.01	0.02	0.01	0.63	0.01	0.03
Tiny Thompson	0.03	0.02	0.05	0.01	0.83	0.01	0.01	0.01	0.02	0.01
William Hanna	0.02	0.62	0.18	0.01	0.05	0.01	0.06	0.05	0.01	0.01
Peter Evans (swimmer)	0.1	0.01	0.18	0.01	0.56	0.02	0.01	0.07	0.03	0.02
Luke P. Blackburn	0.01	0.02	0.23	0.01	0.01	0.02	0.01	0.59	0.01	0.09
Bill Newton	0.12	0.02	0.16	0.01	0.04	0.02	0.01	0.01	0.56	0.05
William Walton	0.02	0.13	0.23	0.01	0.01	0.06	0.51	0.01	0.02	0.0
Ron Hamence with the Australian cricket team in England in 1948	0.88	0.0	0.08	0.0	0.01	0.0	0.01	0.0	0.01	0.0
Ernie Fletcher	0.0	0.01	0.17	0.01	0.02	0.01	0.01	0.7	0.05	0.01
Prince Albert Victor, Duke of Clarence and Avondale	0.02	0.08	0.25	0.01	0.02	0.51	0.01	0.02	0.08	0.01
Harriet Arbuthnot	0.01	0.06	0.34	0.02	0.02	0.46	0.01	0.04	0.02	0.01
Motörhead	0.01	0.04	0.15	0.01	0.03	0.02	0.7	0.01	0.03	0.01
David Lovering	0.01	0.06	0.16	0.01	0.04	0.02	0.64	0.03	0.01	0.02
John Wark	0.07	0.03	0.17	0.01	0.65	0.02	0.01	0.02	0.01	0.02
Maynard James Keenan	0.01	0.07	0.23	0.01	0.02	0.01	0.57	0.03	0.01	0.03
Abbas Kiarostami	0.01	0.57	0.28	0.01	0.02	0.0	0.06	0.02	0.01	0.02
Nick Drake	0.01	0.09	0.36	0.01	0.01	0.02	0.46	0.01	0.01	0.01
Augusta, Lady Gregory	0.03	0.49	0.17	0.05	0.01	0.14	0.02	0.03	0.04	0.03
Theramenes	0.01	0.02	0.31	0.44	0.02	0.01	0.0	0.1	0.03	0.07
Shelton Benjamin	0.01	0.03	0.08	0.02	0.76	0.01	0.02	0.03	0.01	0.03
Stephen Trigg	0.01	0.01	0.15	0.01	0.01	0.07	0.01	0.52	0.05	0.16
Katie Holmes	0.01	0.48	0.23	0.01	0.05	0.02	0.13	0.03	0.02	0.02
Brunette Coleman	0.01	0.56	0.28	0.02	0.02	0.03	0.03	0.01	0.01	0.03
Natalie Clifford Barney	0.01	0.56	0.27	0.02	0.01	0.04	0.03	0.02	0.01	0.02
Justus	0.02	0.02	0.09	0.64	0.01	0.13	0.03	0.01	0.02	0.02
Yagan	0.04	0.1	0.27	0.02	0.02	0.04	0.01	0.05	0.03	0.43
James Tod	0.01	0.19	0.23	0.29	0.0	0.11	0.0	0.03	0.02	0.11
Ceawlin of Wessex	0.02	0.01	0.11	0.81	0.01	0.01	0.01	0.01	0.01	0.01
Hilary of Chichester	0.01	0.0	0.15	0.04	0.01	0.72	0.01	0.04	0.01	0.01
Ram Narayan	0.06	0.08	0.16	0.02	0.02	0.01	0.55	0.02	0.02	0.05
Clem Hill	0.75	0.01	0.14	0.01	0.04	0.01	0.0	0.01	0.01	0.01
Evelyn Waugh	0.01	0.42	0.34	0.01	0.01	0.09	0.01	0.03	0.06	0.03
Lee Smith (baseball)	0.03	0.01	0.1	0.01	0.8	0.0	0.01	0.03	0.01	0.01
Ealdred (bishop)	0.01	0.01	0.12	0.14	0.01	0.67	0.01	0.01	0.01	0.01
Gilberto Silva	0.05	0.01	0.23	0.02	0.6	0.03	0.01	0.01	0.01	0.01
AC DC	0.1	0.1	0.1	0.1	0.12	0.1	0.1	0.1	0.12	0.1
Áedán mac Gabráin	0.01	0.03	0.05	0.84	0.01	0.04	0.01	0.01	0.01	0.01
The Wiggles	0.06	0.15	0.26	0.0	0.02	0.01	0.44	0.02	0.03	0.01
William Cooley	0.01	0.02	0.21	0.01	0.02	0.04	0.01	0.15	0.02	0.5
Andrew Cunningham, 1st Viscount Cunningham of Hyndhope	0.01	0.02	0.2	0.01	0.01	0.08	0.01	0.02	0.6	0.04
El Lissitzky	0.01	0.49	0.28	0.02	0.01	0.01	0.04	0.02	0.1	0.02
Radiohead	0.01	0.03	0.19	0.01	0.01	0.01	0.71	0.01	0.01	0.01
Jack Sheppard	0.03	0.2	0.32	0.01	0.03	0.1	0.03	0.01	0.01	0.27
Johann von Klenau	0.0	0.0	0.2	0.06	0.01	0.03	0.0	0.02	0.64	0.03
Keith Miller in the 1946–47 Australian cricket season	0.82	0.01	0.11	0.0	0.01	0.0	0.0	0.01	0.01	0.01
Zelda Fitzgerald	0.0	0.46	0.38	0.0	0.02	0.01	0.04	0.02	0.01	0.05
Tom Pryce	0.04	0.03	0.19	0.01	0.6	0.03	0.01	0.02	0.06	0.02
Kate Bush	0.02	0.13	0.17	0.01	0.01	0.03	0.6	0.0	0.01	0.02
Ann Bannon	0.0	0.55	0.36	0.0	0.01	0.0	0.02	0.02	0.01	0.02
Myles Standish	0.01	0.03	0.25	0.01	0.01	0.06	0.01	0.03	0.01	0.58
Princess Helena of the United Kingdom	0.01	0.05	0.27	0.01	0.01	0.56	0.01	0.04	0.03	0.01
Nathaniel Parker Willis	0.01	0.52	0.27	0.0	0.01	0.08	0.01	0.06	0.01	0.03
Marcus Trescothick	0.69	0.01	0.19	0.0	0.07	0.01	0.01	0.01	0.01	0.0
Premiership of John Edward Brownlee	0.0	0.01	0.3	0.01	0.01	0.02	0.01	0.62	0.0	0.01
Penda of Mercia	0.0	0.01	0.18	0.74	0.0	0.03	0.01	0.0	0.01	0.01
Edward VI of England	0.0	0.02	0.3	0.04	0.0	0.55	0.01	0.04	0.01	0.03
Herbert Greenfield	0.01	0.01	0.28	0.01	0.01	0.02	0.01	0.62	0.01	0.02
Oliver Wendell Holmes, Sr.	0.0	0.51	0.32	0.01	0.02	0.05	0.01	0.06	0.01	0.02
Pixies	0.02	0.02	0.19	0.01	0.01	0.01	0.7	0.01	0.01	0.03
Mike Jackson	0.03	0.04	0.23	0.01	0.02	0.04	0.01	0.05	0.57	0.02
George IV of the United Kingdom	0.0	0.03	0.27	0.0	0.01	0.57	0.01	0.07	0.02	0.01
John McCauley	0.01	0.02	0.12	0.01	0.02	0.02	0.01	0.03	0.75	0.02
Ernest Augustus I of Hanover	0.0	0.01	0.3	0.01	0.01	0.52	0.0	0.08	0.05	0.01
Stan Musial	0.04	0.01	0.16	0.0	0.7	0.01	0.01	0.03	0.02	0.01
Flea (musician)	0.01	0.07	0.23	0.0	0.02	0.01	0.62	0.01	0.0	0.02
Nancy Cartwright	0.01	0.55	0.2	0.0	0.05	0.03	0.06	0.04	0.01	0.04
Matthew Brettingham	0.01	0.24	0.25	0.03	0.02	0.38	0.01	0.01	0.02	0.03
Len Hutton	0.76	0.02	0.18	0.0	0.01	0.0	0.0	0.01	0.01	0.0
Edmund Sharpe	0.01	0.44	0.19	0.03	0.01	0.16	0.02	0.08	0.02	0.04
Nigel Kneale	0.02	0.58	0.23	0.0	0.03	0.03	0.07	0.01	0.02	0.01
Murasaki Shikibu	0.0	0.57	0.25	0.05	0.0	0.06	0.01	0.01	0.01	0.02
Olivia Manning	0.01	0.44	0.35	0.03	0.01	0.04	0.0	0.02	0.07	0.04
Opeth	0.01	0.01	0.18	0.02	0.01	0.01	0.73	0.0	0.02	0.01
Aspasia	0.01	0.23	0.21	0.48	0.01	0.01	0.01	0.03	0.02	0.01
Simeon I of Bulgaria	0.01	0.03	0.16	0.63	0.01	0.04	0.01	0.01	0.06	0.05
Alexandra of Denmark	0.01	0.05	0.28	0.02	0.01	0.53	0.02	0.02	0.04	0.02
Nguyen Ngoc Tho	0.01	0.01	0.25	0.0	0.01	0.0	0.01	0.17	0.04	0.49
Cynna Kydd	0.22	0.03	0.19	0.01	0.48	0.01	0.01	0.02	0.01	0.01
Georg Forster	0.01	0.19	0.22	0.03	0.01	0.07	0.02	0.03	0.12	0.31
The Greencards	0.03	0.05	0.15	0.0	0.03	0.01	0.65	0.03	0.02	0.02
J. R. Richard	0.07	0.01	0.12	0.01	0.77	0.01	0.01	0.01	0.0	0.01
Richard Dannatt, Baron Dannatt	0.02	0.03	0.2	0.01	0.02	0.07	0.02	0.1	0.53	0.0
Thurman Tucker	0.04	0.01	0.08	0.01	0.78	0.01	0.01	0.02	0.04	0.01
William Bostock	0.02	0.01	0.15	0.01	0.01	0.02	0.01	0.06	0.72	0.01
Silverchair	0.04	0.03	0.19	0.01	0.03	0.01	0.66	0.02	0.01	0.01
Tom Driberg	0.01	0.15	0.33	0.01	0.01	0.1	0.01	0.29	0.06	0.02
Rush (band)	0.01	0.04	0.19	0.01	0.05	0.01	0.66	0.02	0.01	0.01
Elias Abraham Rosenberg	0.01	0.07	0.28	0.04	0.01	0.15	0.01	0.04	0.01	0.38
Hispanic Americans in World War II	0.01	0.03	0.09	0.01	0.03	0.01	0.01	0.04	0.63	0.16
Rise of Neville Chamberlain	0.01	0.03	0.29	0.0	0.01	0.12	0.01	0.49	0.03	0.01
Gilbert Foliot	0.0	0.02	0.17	0.04	0.01	0.72	0.01	0.02	0.0	0.01
Demosthenes	0.01	0.07	0.33	0.45	0.0	0.01	0.01	0.1	0.01	0.01
William McKinley	0.01	0.01	0.27	0.01	0.0	0.01	0.0	0.6	0.06	0.04
Ahmose I	0.01	0.06	0.21	0.62	0.0	0.02	0.02	0.02	0.01	0.03
Magic Johnson	0.02	0.1	0.1	0.01	0.69	0.01	0.02	0.04	0.01	0.01
Pedro II of Brazil	0.01	0.04	0.36	0.3	0.0	0.06	0.01	0.16	0.03	0.03
Caspar David Friedrich	0.01	0.49	0.29	0.04	0.01	0.04	0.05	0.01	0.04	0.03
Walter Model	0.01	0.01	0.34	0.01	0.0	0.01	0.01	0.02	0.59	0.01
Lisa del Giocondo	0.01	0.11	0.16	0.07	0.02	0.5	0.02	0.03	0.01	0.08
John Knox	0.01	0.01	0.28	0.1	0.01	0.52	0.01	0.03	0.01	0.03
Mary Martha Sherwood	0.01	0.54	0.25	0.03	0.01	0.11	0.01	0.01	0.01	0.02
Doug Ring with the Australian cricket team in England in 1948	0.92	0.0	0.03	0.01	0.01	0.0	0.01	0.0	0.01	0.0
John Dee	0.01	0.25	0.29	0.08	0.02	0.25	0.02	0.02	0.02	0.05
Benjamin Franklin Tilley	0.01	0.01	0.13	0.02	0.02	0.01	0.01	0.21	0.17	0.4
Joe Sakic	0.01	0.01	0.1	0.0	0.84	0.01	0.01	0.01	0.01	0.01
S.H.E	0.01	0.18	0.2	0.01	0.05	0.0	0.49	0.01	0.02	0.02
Leo Ornstein	0.01	0.13	0.3	0.03	0.02	0.01	0.45	0.02	0.02	0.02
Alexandre Banza	0.01	0.01	0.26	0.02	0.01	0.01	0.01	0.1	0.05	0.52
Hubert Walter	0.01	0.01	0.19	0.05	0.01	0.66	0.01	0.04	0.02	0.01
Olivia Shakespear	0.01	0.46	0.37	0.01	0.0	0.11	0.01	0.0	0.01	0.01
George Andrew Davis, Jr.	0.03	0.01	0.14	0.01	0.02	0.0	0.01	0.02	0.72	0.04
Joey Santiago	0.02	0.06	0.19	0.01	0.02	0.02	0.62	0.03	0.01	0.02
Roy Dowling	0.01	0.01	0.1	0.0	0.02	0.04	0.01	0.04	0.74	0.03
Martin Brodeur	0.01	0.01	0.07	0.01	0.87	0.0	0.01	0.01	0.0	0.0
James G. Blaine	0.0	0.02	0.22	0.02	0.01	0.03	0.0	0.66	0.01	0.03
KaDee Strickland	0.01	0.5	0.24	0.01	0.04	0.02	0.12	0.03	0.01	0.03
Paulinus of York	0.02	0.01	0.13	0.66	0.01	0.1	0.01	0.02	0.01	0.02
Wendell H. Ford	0.01	0.03	0.12	0.0	0.03	0.01	0.01	0.72	0.06	0.01
Lazare Ponticelli	0.01	0.09	0.22	0.03	0.03	0.06	0.02	0.06	0.36	0.11
Reception history of Jane Austen	0.01	0.61	0.27	0.01	0.0	0.05	0.02	0.02	0.0	0.0
Miranda Otto	0.07	0.58	0.15	0.01	0.05	0.03	0.07	0.02	0.01	0.02
Tarrare	0.01	0.03	0.55	0.01	0.01	0.05	0.03	0.01	0.07	0.22
Alice Ayres	0.01	0.31	0.37	0.01	0.02	0.09	0.01	0.06	0.07	0.04
Cosmo Gordon Lang	0.01	0.04	0.34	0.04	0.01	0.4	0.01	0.11	0.02	0.02
Charles Atangana	0.01	0.04	0.3	0.28	0.01	0.03	0.02	0.08	0.1	0.14
Dan Leno	0.02	0.29	0.25	0.0	0.03	0.09	0.27	0.01	0.01	0.01
Ernest Shackleton	0.01	0.06	0.29	0.01	0.02	0.06	0.01	0.02	0.05	0.47
Wilco	0.01	0.03	0.18	0.01	0.01	0.01	0.72	0.03	0.01	0.01
Bob Windle	0.1	0.01	0.14	0.01	0.67	0.01	0.01	0.02	0.03	0.01
Sydney Newman	0.03	0.44	0.3	0.01	0.05	0.01	0.03	0.09	0.03	0.02
Ray Lindwall with the Australian cricket team in England in 1948	0.84	0.0	0.13	0.0	0.0	0.0	0.0	0.0	0.01	0.01
Choe Bu	0.01	0.09	0.29	0.05	0.01	0.02	0.01	0.05	0.04	0.44
John Day (printer)	0.01	0.28	0.29	0.06	0.01	0.28	0.03	0.01	0.02	0.02
Issy Smith	0.03	0.06	0.19	0.03	0.05	0.06	0.02	0.04	0.39	0.13
Christopher Smart's asylum confinement	0.01	0.41	0.46	0.01	0.0	0.03	0.02	0.02	0.01	0.02
Leopold Report	0.01	0.16	0.27	0.01	0.03	0.02	0.02	0.43	0.02	0.03
Jogaila	0.01	0.01	0.18	0.49	0.01	0.1	0.01	0.02	0.16	0.01
Isaac Brock	0.01	0.02	0.3	0.02	0.03	0.04	0.0	0.08	0.19	0.31
Rogers Hornsby	0.06	0.01	0.1	0.0	0.76	0.02	0.01	0.03	0.0	0.01
Hasekura Tsunenaga	0.0	0.02	0.23	0.15	0.01	0.04	0.0	0.01	0.01	0.53
Rudolf Wolters	0.01	0.1	0.39	0.01	0.01	0.03	0.01	0.08	0.36	0.02
Edgar Towner	0.01	0.03	0.1	0.01	0.01	0.02	0.02	0.02	0.73	0.06
Scott Zolak	0.03	0.02	0.09	0.01	0.77	0.01	0.02	0.02	0.01	0.02
Jerry Pentland	0.03	0.03	0.14	0.01	0.03	0.04	0.02	0.03	0.65	0.02
Jovan Vladimir	0.0	0.04	0.18	0.69	0.0	0.03	0.0	0.0	0.02	0.02
Elizabeth Needham	0.04	0.19	0.35	0.03	0.02	0.15	0.02	0.02	0.02	0.17
Coenred of Mercia	0.01	0.01	0.08	0.8	0.01	0.05	0.01	0.02	0.01	0.01
Rudolf Vrba	0.01	0.07	0.3	0.04	0.01	0.01	0.01	0.03	0.06	0.46
Tom Crean (explorer)	0.04	0.01	0.21	0.01	0.04	0.04	0.01	0.01	0.07	0.57
Carsten Borchgrevink	0.01	0.04	0.3	0.01	0.01	0.05	0.01	0.02	0.06	0.49
Stephen Crane	0.01	0.44	0.33	0.01	0.01	0.03	0.01	0.04	0.04	0.07
Daniel Boone	0.01	0.08	0.25	0.02	0.01	0.03	0.01	0.13	0.01	0.44
Ion Heliade Rădulescu	0.0	0.26	0.24	0.38	0.01	0.02	0.01	0.07	0.02	0.01
John Churchill, 1st Duke of Marlborough	0.01	0.01	0.35	0.01	0.0	0.44	0.0	0.03	0.14	0.02
Alain Prost	0.02	0.01	0.2	0.01	0.69	0.01	0.01	0.01	0.02	0.03
Mark Hanna	0.0	0.02	0.31	0.0	0.0	0.01	0.01	0.63	0.0	0.01
Cædmon	0.02	0.2	0.17	0.5	0.01	0.02	0.05	0.01	0.01	0.01
Afonso, Prince Imperial of Brazil	0.01	0.06	0.28	0.35	0.02	0.19	0.01	0.03	0.04	0.02
Thrasybulus	0.01	0.01	0.25	0.48	0.01	0.01	0.0	0.09	0.11	0.03
Roy Kilner	0.75	0.01	0.16	0.01	0.03	0.01	0.0	0.01	0.02	0.01
John Michael Wright	0.01	0.2	0.24	0.08	0.01	0.39	0.02	0.01	0.01	0.04
Adam Gilchrist	0.76	0.01	0.1	0.0	0.09	0.0	0.01	0.02	0.0	0.0
Early life of Joseph Smith	0.01	0.08	0.38	0.03	0.02	0.02	0.01	0.04	0.0	0.41
Henry Moore	0.02	0.53	0.25	0.02	0.02	0.06	0.03	0.03	0.05	0.01
Princess Louise, Duchess of Argyll	0.02	0.06	0.29	0.01	0.03	0.51	0.01	0.05	0.01	0.02
Pedro Álvares Cabral	0.01	0.0	0.24	0.27	0.01	0.02	0.0	0.01	0.03	0.39
Emperor Norton	0.01	0.08	0.29	0.08	0.02	0.07	0.03	0.11	0.01	0.3
Walter de Coutances	0.01	0.01	0.14	0.03	0.01	0.76	0.01	0.03	0.01	0.01
Moe Berg	0.03	0.09	0.21	0.01	0.45	0.01	0.02	0.04	0.08	0.05
Nicolo Giraud	0.01	0.19	0.36	0.04	0.01	0.34	0.01	0.02	0.02	0.01
Ray Emery	0.02	0.02	0.16	0.01	0.73	0.01	0.02	0.02	0.01	0.01
Minnie Pwerle	0.06	0.63	0.11	0.02	0.01	0.02	0.04	0.01	0.05	0.03
James B. McCreary	0.01	0.01	0.12	0.01	0.01	0.01	0.01	0.77	0.05	0.01
Hod Stuart	0.03	0.01	0.15	0.02	0.67	0.02	0.02	0.05	0.01	0.02
William de Corbeil	0.01	0.01	0.14	0.08	0.01	0.71	0.01	0.01	0.01	0.01
Rachel Chiesley, Lady Grange	0.03	0.08	0.33	0.03	0.01	0.36	0.01	0.03	0.02	0.11
Sid Barnes with the Australian cricket team in England in 1948	0.77	0.01	0.18	0.0	0.0	0.0	0.0	0.01	0.0	0.01
Adrian Boult	0.02	0.04	0.23	0.0	0.03	0.07	0.54	0.03	0.04	0.01
Garret Hobart	0.01	0.03	0.31	0.01	0.01	0.02	0.01	0.6	0.01	0.01
Brian Eaton	0.01	0.0	0.13	0.0	0.03	0.02	0.01	0.01	0.76	0.01
Adolfo Farsari	0.01	0.52	0.27	0.01	0.01	0.02	0.06	0.02	0.03	0.06
A. E. J. Collins	0.36	0.03	0.2	0.01	0.08	0.04	0.03	0.09	0.13	0.03
Wulfhere of Mercia	0.0	0.01	0.07	0.84	0.01	0.04	0.0	0.01	0.01	0.01
Albert Kesselring	0.0	0.01	0.23	0.03	0.0	0.02	0.0	0.04	0.63	0.02
Isaac Shelby	0.01	0.01	0.19	0.01	0.01	0.04	0.01	0.46	0.11	0.16
Gerald Ford	0.01	0.04	0.23	0.01	0.07	0.01	0.01	0.49	0.08	0.04
Henry Cornelius Burnett	0.01	0.01	0.13	0.01	0.01	0.02	0.01	0.71	0.06	0.03
Samantha Smith	0.0	0.14	0.3	0.01	0.02	0.04	0.05	0.1	0.13	0.2
Robert Falcon Scott	0.02	0.08	0.31	0.01	0.02	0.05	0.01	0.01	0.05	0.44
Peter Jones (missionary)	0.01	0.04	0.21	0.02	0.01	0.11	0.05	0.06	0.01	0.48
Tim Duncan	0.01	0.03	0.15	0.0	0.75	0.01	0.01	0.02	0.0	0.01
Master Juba	0.03	0.44	0.29	0.02	0.02	0.03	0.13	0.02	0.0	0.03
Calvin Coolidge	0.01	0.03	0.24	0.01	0.01	0.02	0.01	0.63	0.02	0.02
Phan Xich Long	0.01	0.01	0.27	0.11	0.01	0.02	0.01	0.04	0.03	0.5
Abu Nidal	0.01	0.03	0.3	0.02	0.01	0.01	0.01	0.03	0.09	0.49
Pain fitzJohn	0.0	0.01	0.12	0.08	0.01	0.72	0.01	0.02	0.01	0.02
James II of England	0.01	0.03	0.2	0.03	0.0	0.62	0.0	0.06	0.03	0.02
Reese Witherspoon	0.02	0.53	0.21	0.0	0.05	0.02	0.1	0.04	0.01	0.01
Edward VIII	0.01	0.03	0.25	0.01	0.01	0.52	0.01	0.04	0.1	0.03
Strapping Young Lad	0.02	0.02	0.2	0.01	0.02	0.01	0.7	0.01	0.01	0.01
William T. Anderson	0.01	0.01	0.22	0.01	0.01	0.01	0.01	0.11	0.07	0.55
Æthelbald of Mercia	0.01	0.02	0.17	0.69	0.01	0.08	0.01	0.01	0.01	0.01
Pyotr Ilyich Tchaikovsky and the Belyayev circle	0.01	0.04	0.3	0.01	0.0	0.02	0.57	0.02	0.01	0.01
Elias Ashmole	0.0	0.19	0.25	0.04	0.01	0.42	0.01	0.04	0.03	0.01
Herbie Hewett	0.71	0.02	0.14	0.0	0.04	0.03	0.02	0.01	0.01	0.01
Stephen, King of England	0.01	0.01	0.24	0.09	0.01	0.57	0.0	0.01	0.05	0.01
Ruby Laffoon	0.01	0.02	0.15	0.0	0.02	0.01	0.02	0.75	0.01	0.01
William O'Connell Bradley	0.01	0.01	0.2	0.0	0.01	0.01	0.01	0.72	0.02	0.01
Tyrone Wheatley	0.01	0.02	0.15	0.01	0.75	0.01	0.01	0.02	0.01	0.01
Neil Harvey with the Australian cricket team in England in 1948	0.86	0.01	0.1	0.0	0.01	0.0	0.01	0.0	0.01	0.0
Jocelin of Glasgow	0.01	0.01	0.19	0.13	0.01	0.61	0.01	0.01	0.01	0.01
Ben Paschal	0.03	0.01	0.1	0.01	0.76	0.01	0.01	0.02	0.02	0.02
Eardwulf of Northumbria	0.01	0.01	0.12	0.75	0.01	0.07	0.01	0.01	0.01	0.01
Sarah Churchill, Duchess of Marlborough	0.01	0.01	0.33	0.01	0.01	0.59	0.0	0.03	0.01	0.01
Charles Carroll the Settler	0.01	0.02	0.2	0.03	0.01	0.35	0.0	0.32	0.01	0.06
Mary II of England	0.01	0.01	0.25	0.01	0.01	0.65	0.01	0.01	0.02	0.01
Ed Stelmach	0.01	0.03	0.27	0.01	0.03	0.01	0.01	0.62	0.02	0.01
Big Star	0.01	0.06	0.25	0.0	0.01	0.01	0.63	0.01	0.01	0.01
Harry Cobby	0.01	0.02	0.13	0.01	0.01	0.03	0.02	0.0	0.74	0.01
Leslie Groves	0.01	0.07	0.18	0.02	0.03	0.02	0.01	0.21	0.42	0.04
Don Tallon	0.82	0.01	0.1	0.0	0.01	0.01	0.01	0.01	0.02	0.01
William Brill	0.04	0.01	0.13	0.01	0.01	0.02	0.01	0.01	0.73	0.01
Ivan Bagramyan	0.0	0.01	0.2	0.03	0.01	0.0	0.0	0.02	0.7	0.02
Ernst Lindemann	0.01	0.01	0.17	0.01	0.01	0.04	0.01	0.01	0.69	0.05
Talbot Baines Reed	0.02	0.52	0.26	0.01	0.03	0.08	0.01	0.04	0.01	0.02
Edward III of England	0.01	0.02	0.3	0.05	0.0	0.46	0.01	0.07	0.04	0.04
Faryl Smith	0.01	0.07	0.18	0.01	0.11	0.05	0.53	0.01	0.01	0.02
Josquin des Prez	0.01	0.12	0.15	0.47	0.01	0.04	0.18	0.01	0.01	0.01
Douglas Jardine	0.63	0.03	0.29	0.0	0.0	0.02	0.0	0.02	0.01	0.0
Sam Loxton with the Australian cricket team in England in 1948	0.91	0.0	0.06	0.0	0.0	0.0	0.0	0.0	0.0	0.0
Cedric Howell	0.04	0.01	0.09	0.01	0.02	0.05	0.01	0.01	0.74	0.02
Mary of Teck	0.02	0.05	0.22	0.01	0.02	0.59	0.02	0.01	0.04	0.02
Lawrence Sullivan Ross	0.0	0.03	0.22	0.0	0.01	0.01	0.01	0.31	0.1	0.31
Archie Jackson	0.66	0.02	0.22	0.01	0.01	0.02	0.01	0.02	0.01	0.02
Diocletian	0.0	0.01	0.26	0.54	0.0	0.01	0.01	0.11	0.03	0.02
Jacques Plante	0.01	0.05	0.17	0.01	0.7	0.01	0.01	0.02	0.01	0.02
Uncle Tupelo	0.02	0.04	0.19	0.01	0.02	0.01	0.65	0.03	0.01	0.02
William Calcraft	0.04	0.07	0.32	0.02	0.03	0.14	0.02	0.03	0.01	0.31
Henrik Sedin	0.0	0.0	0.04	0.0	0.91	0.01	0.01	0.0	0.01	0.01
Wail al-Shehri	0.02	0.04	0.18	0.01	0.03	0.01	0.02	0.04	0.06	0.59
Bix Beiderbecke	0.01	0.09	0.28	0.01	0.03	0.03	0.5	0.04	0.01	0.02
Art Houtteman	0.02	0.01	0.14	0.0	0.74	0.0	0.01	0.02	0.02	0.02
Alexis Bachelot	0.01	0.03	0.2	0.06	0.01	0.16	0.01	0.02	0.02	0.48
Arthur Morris	0.8	0.01	0.14	0.01	0.01	0.01	0.01	0.01	0.01	0.0
U2	0.02	0.07	0.2	0.01	0.02	0.01	0.62	0.03	0.01	0.01
Hannah Primrose, Countess of Rosebery	0.01	0.1	0.41	0.01	0.01	0.38	0.01	0.06	0.01	0.01
Stigand	0.0	0.0	0.14	0.15	0.01	0.66	0.01	0.01	0.0	0.01
James Newland	0.02	0.01	0.05	0.01	0.01	0.03	0.01	0.01	0.85	0.01
Anna Laetitia Barbauld	0.01	0.57	0.27	0.03	0.01	0.05	0.01	0.05	0.0	0.01
Sid Barnes	0.59	0.03	0.29	0.01	0.02	0.02	0.01	0.01	0.02	0.01
The Kinks	0.01	0.07	0.25	0.0	0.02	0.01	0.6	0.01	0.0	0.0
Ælle of Sussex	0.01	0.01	0.12	0.75	0.02	0.02	0.02	0.01	0.02	0.01
Meshuggah	0.01	0.03	0.19	0.01	0.0	0.0	0.73	0.01	0.01	0.0
Joe Hewitt (RAAF officer)	0.01	0.03	0.15	0.0	0.01	0.02	0.01	0.03	0.72	0.01
James Whiteside McCay	0.02	0.04	0.15	0.01	0.0	0.04	0.01	0.2	0.51	0.02
Ozzie Smith	0.03	0.02	0.16	0.0	0.72	0.0	0.01	0.02	0.02	0.01
Kenneth R. Shadrick	0.01	0.04	0.21	0.01	0.04	0.02	0.01	0.06	0.52	0.08
John Edward Brownlee sex scandal	0.01	0.05	0.4	0.0	0.01	0.03	0.01	0.46	0.01	0.01
Witold Lutosławski	0.01	0.07	0.22	0.02	0.01	0.03	0.47	0.03	0.13	0.02
Alboin	0.01	0.01	0.26	0.62	0.02	0.03	0.0	0.02	0.01	0.02
Princess Maria Amélia of Brazil	0.0	0.03	0.29	0.22	0.01	0.36	0.01	0.01	0.03	0.03
Brian Booth	0.74	0.01	0.14	0.01	0.04	0.02	0.0	0.02	0.01	0.01
Chrisye	0.01	0.03	0.19	0.01	0.01	0.01	0.69	0.01	0.02	0.01
Kenneth Walker	0.01	0.04	0.2	0.01	0.02	0.01	0.01	0.05	0.63	0.02
Epaminondas	0.05	0.03	0.22	0.35	0.04	0.08	0.04	0.09	0.05	0.04
Robin Friday	0.07	0.03	0.36	0.0	0.46	0.02	0.03	0.01	0.01	0.01
George Headley	0.76	0.01	0.13	0.0	0.04	0.02	0.0	0.02	0.01	0.01
Charles Stewart (Canadian politician)	0.01	0.02	0.24	0.01	0.01	0.05	0.0	0.64	0.02	0.01
Martha Layne Collins	0.01	0.04	0.15	0.01	0.03	0.01	0.02	0.72	0.01	0.01
Pope Pius XII	0.0	0.04	0.26	0.4	0.01	0.05	0.01	0.1	0.09	0.04
Stanley Goble	0.02	0.01	0.15	0.01	0.01	0.03	0.01	0.04	0.7	0.02
Adelaide Anne Procter	0.0	0.49	0.29	0.02	0.01	0.08	0.03	0.03	0.02	0.01
Anna of East Anglia	0.01	0.02	0.09	0.76	0.01	0.07	0.01	0.02	0.01	0.01
Georg Solti	0.02	0.08	0.21	0.02	0.02	0.05	0.5	0.03	0.06	0.01
Aaron Sorkin	0.01	0.49	0.22	0.0	0.06	0.02	0.11	0.06	0.02	0.01
Ba Cut	0.01	0.01	0.25	0.04	0.01	0.01	0.01	0.05	0.07	0.54
Domitian	0.0	0.05	0.28	0.51	0.01	0.02	0.01	0.07	0.03	0.02
Pyotr Ilyich Tchaikovsky and The Five	0.01	0.08	0.37	0.04	0.0	0.02	0.44	0.02	0.02	0.01
Honório Hermeto Carneiro Leão, Marquis of Paraná	0.0	0.0	0.25	0.41	0.0	0.01	0.0	0.3	0.02	0.01
Khalid al-Mihdhar	0.01	0.04	0.2	0.01	0.02	0.0	0.03	0.06	0.07	0.55
Michael Gomez	0.02	0.02	0.25	0.0	0.59	0.03	0.01	0.01	0.04	0.02
Alfred Russel Wallace	0.01	0.49	0.33	0.01	0.01	0.04	0.01	0.04	0.01	0.06
Fightin' Texas Aggie Band	0.0	0.03	0.29	0.01	0.05	0.01	0.35	0.04	0.2	0.01
Arthur Sifton	0.01	0.01	0.25	0.01	0.01	0.03	0.0	0.65	0.02	0.01
Jerry Voorhis	0.01	0.04	0.24	0.01	0.05	0.02	0.01	0.59	0.02	0.01
Powderfinger	0.06	0.02	0.17	0.01	0.03	0.01	0.66	0.01	0.02	0.02
Maggie Gyllenhaal	0.02	0.55	0.17	0.02	0.03	0.02	0.1	0.06	0.01	0.02
Thomas Beecham	0.02	0.07	0.19	0.0	0.02	0.1	0.54	0.03	0.02	0.01
Howie Morenz	0.01	0.0	0.13	0.01	0.78	0.03	0.01	0.01	0.01	0.01
Katharine Hepburn	0.01	0.54	0.3	0.01	0.06	0.02	0.04	0.02	0.0	0.01
John Whittle	0.02	0.02	0.1	0.01	0.01	0.04	0.01	0.01	0.77	0.01
Bob McEwen	0.03	0.04	0.21	0.01	0.03	0.0	0.02	0.63	0.01	0.02
Nikita Zotov	0.01	0.06	0.32	0.08	0.02	0.36	0.01	0.03	0.06	0.04
John Y. Brown (1835–1904)	0.01	0.02	0.22	0.0	0.02	0.01	0.01	0.71	0.0	0.01
Eadbald of Kent	0.01	0.01	0.12	0.79	0.01	0.05	0.01	0.01	0.01	0.01
John Millington Synge	0.02	0.48	0.27	0.03	0.03	0.08	0.04	0.01	0.02	0.04
Eric Bana	0.05	0.47	0.17	0.02	0.13	0.02	0.05	0.02	0.04	0.04
Georges Vézina	0.01	0.01	0.1	0.02	0.79	0.03	0.01	0.0	0.01	0.02
Paul E. Patton	0.01	0.02	0.19	0.0	0.02	0.01	0.01	0.73	0.01	0.0
Princess Alice of Battenberg	0.01	0.01	0.18	0.07	0.01	0.53	0.01	0.02	0.12	0.05
Charles Edward Magoon	0.01	0.04	0.24	0.02	0.01	0.02	0.02	0.56	0.04	0.04
Edward Drinker Cope	0.02	0.44	0.33	0.01	0.01	0.05	0.01	0.06	0.01	0.06
Simon Bolivar Buckner	0.01	0.01	0.17	0.01	0.01	0.01	0.01	0.56	0.17	0.05
Nikolai Rimsky-Korsakov	0.0	0.08	0.31	0.02	0.0	0.02	0.51	0.02	0.03	0.01
Grand Duchess Anastasia Nikolaevna of Russia	0.01	0.06	0.36	0.01	0.02	0.18	0.02	0.0	0.02	0.32
Sebastian Shaw (actor)	0.02	0.47	0.2	0.01	0.04	0.08	0.1	0.01	0.05	0.01
Ellis Paul	0.01	0.13	0.2	0.01	0.07	0.01	0.53	0.03	0.0	0.01
Peter Jennings	0.01	0.18	0.45	0.0	0.09	0.01	0.05	0.11	0.05	0.04
Bryan Gunn	0.06	0.04	0.26	0.01	0.5	0.03	0.03	0.02	0.03	0.01
Murray Chotiner	0.01	0.03	0.27	0.0	0.02	0.01	0.01	0.61	0.01	0.01
William Speirs Bruce	0.0	0.1	0.27	0.0	0.01	0.11	0.01	0.03	0.01	0.45
Bruno Maddox	0.02	0.34	0.21	0.0	0.02	0.02	0.05	0.01	0.01	0.32
Dick Turpin	0.02	0.08	0.27	0.01	0.01	0.15	0.01	0.02	0.01	0.41
Harry Murray	0.02	0.01	0.12	0.01	0.02	0.06	0.0	0.02	0.72	0.02
Hygeberht	0.01	0.01	0.15	0.6	0.02	0.17	0.01	0.02	0.02	0.01
Pat Nixon	0.01	0.19	0.34	0.0	0.01	0.04	0.03	0.32	0.03	0.03
Tom Derrick	0.02	0.02	0.22	0.01	0.03	0.01	0.01	0.01	0.65	0.03
Anton Chekhov	0.01	0.44	0.35	0.02	0.01	0.06	0.04	0.01	0.03	0.03
Charles Villiers Stanford	0.01	0.14	0.23	0.01	0.01	0.09	0.48	0.01	0.02	0.0
Bradley Joseph	0.01	0.06	0.24	0.01	0.01	0.01	0.62	0.02	0.01	0.02
Thomas R. Marshall	0.01	0.02	0.33	0.01	0.01	0.01	0.01	0.58	0.01	0.01
Harbhajan Singh	0.84	0.01	0.1	0.0	0.03	0.01	0.0	0.01	0.0	0.01
Gerard (archbishop of York)	0.01	0.03	0.15	0.04	0.01	0.72	0.01	0.01	0.01	0.01
Mellitus	0.01	0.01	0.13	0.65	0.01	0.13	0.02	0.02	0.02	0.01
Waisale Serevi	0.12	0.01	0.05	0.01	0.72	0.03	0.01	0.01	0.02	0.02
El Greco	0.01	0.34	0.22	0.34	0.0	0.01	0.03	0.01	0.01	0.04
Thomas Baker (aviator)	0.04	0.02	0.08	0.01	0.02	0.02	0.01	0.01	0.76	0.01
Bronwyn Bancroft	0.12	0.58	0.07	0.01	0.02	0.02	0.02	0.05	0.08	0.03
Felice Beato	0.01	0.46	0.21	0.05	0.01	0.06	0.02	0.02	0.07	0.1
James Robert Baker	0.01	0.48	0.29	0.01	0.02	0.01	0.09	0.04	0.03	0.02
Paul Stastny	0.01	0.01	0.06	0.01	0.84	0.01	0.01	0.02	0.01	0.02
Donnchadh, Earl of Carrick	0.01	0.0	0.11	0.54	0.01	0.3	0.0	0.0	0.01	0.01
Bronwyn Oliver	0.1	0.55	0.19	0.02	0.02	0.01	0.04	0.02	0.03	0.01
Raymond Brownell	0.02	0.01	0.06	0.01	0.01	0.02	0.01	0.02	0.82	0.02
James Bowie	0.0	0.04	0.22	0.01	0.02	0.03	0.01	0.07	0.05	0.56
Basiliscus	0.01	0.01	0.22	0.56	0.01	0.05	0.01	0.04	0.05	0.05
Juan Davis Bradburn	0.0	0.01	0.19	0.03	0.01	0.03	0.01	0.12	0.06	0.54
L. Ron Hubbard	0.01	0.15	0.33	0.01	0.02	0.02	0.02	0.07	0.04	0.34
Nine Inch Nails	0.01	0.05	0.22	0.0	0.02	0.01	0.65	0.02	0.01	0.02
Lat	0.01	0.6	0.25	0.01	0.01	0.01	0.04	0.04	0.01	0.02
G. Ledyard Stebbins	0.01	0.68	0.16	0.01	0.01	0.01	0.02	0.05	0.01	0.03
Rainilaiarivony	0.01	0.02	0.28	0.05	0.01	0.16	0.01	0.12	0.05	0.31
Elaine Paige	0.02	0.27	0.24	0.0	0.04	0.02	0.38	0.01	0.01	0.0
Bette Davis	0.01	0.52	0.3	0.0	0.04	0.02	0.04	0.05	0.01	0.01
Wihtred of Kent	0.01	0.01	0.13	0.73	0.02	0.04	0.01	0.02	0.01	0.02
Anne of Denmark	0.01	0.04	0.35	0.02	0.01	0.52	0.01	0.01	0.01	0.02
Hermann Detzner	0.01	0.09	0.21	0.02	0.01	0.01	0.02	0.02	0.26	0.36
Eric Brewer	0.01	0.01	0.05	0.01	0.87	0.02	0.01	0.01	0.01	0.01
H.D.	0.01	0.62	0.23	0.02	0.01	0.02	0.03	0.01	0.03	0.01
Art Ross	0.01	0.01	0.12	0.0	0.75	0.01	0.01	0.04	0.03	0.01
Mary Anning	0.01	0.49	0.33	0.01	0.01	0.09	0.0	0.02	0.01	0.03
Sarah Trimmer	0.01	0.56	0.29	0.04	0.01	0.04	0.01	0.03	0.0	0.01
I. M. Pei	0.0	0.47	0.33	0.01	0.02	0.01	0.03	0.08	0.02	0.03
Aldfrith of Northumbria	0.01	0.03	0.12	0.72	0.01	0.08	0.01	0.01	0.01	0.01
Audioslave	0.01	0.01	0.24	0.01	0.02	0.01	0.64	0.04	0.01	0.02
George W. Romney	0.01	0.05	0.29	0.01	0.03	0.01	0.01	0.55	0.02	0.02
Thich Quang Duc	0.01	0.06	0.27	0.03	0.01	0.03	0.01	0.07	0.03	0.48
Grand Duchess Olga Nikolaevna of Russia	0.01	0.05	0.43	0.01	0.01	0.29	0.01	0.0	0.02	0.17
Charles Holden	0.01	0.47	0.21	0.01	0.01	0.08	0.02	0.04	0.12	0.02
Thomas of Bayeux	0.01	0.01	0.15	0.04	0.01	0.71	0.01	0.03	0.01	0.01
Edward Elgar	0.01	0.12	0.25	0.01	0.0	0.09	0.49	0.01	0.02	0.01
Military career of Hugo Chávez	0.01	0.04	0.29	0.02	0.02	0.01	0.01	0.15	0.1	0.35
Rudolf Caracciola	0.01	0.01	0.21	0.01	0.58	0.02	0.01	0.02	0.12	0.02
John Barbirolli	0.01	0.06	0.19	0.01	0.04	0.07	0.57	0.01	0.04	0.0
Sandra Morgan	0.1	0.02	0.14	0.02	0.6	0.02	0.01	0.03	0.03	0.03
Bobby Robson	0.07	0.04	0.19	0.01	0.55	0.06	0.01	0.02	0.03	0.02
