Name	literature	family	generic	music/orchestra	war/ancient	empire/religion	royalty	music/rock	film	politics/art
Helmut Lent	0.04	0.06	0.1	0.1	0.43	0.03	0.06	0.04	0.08	0.06
Du Fu	0.11	0.14	0.18	0.06	0.04	0.12	0.06	0.03	0.06	0.19
John Frusciante	0.02	0.11	0.2	0.02	0.0	0.0	0.01	0.6	0.02	0.01
Colley Cibber	0.34	0.1	0.15	0.05	0.03	0.04	0.03	0.05	0.17	0.03
Alberto Víctor de Clarence	0.06	0.17	0.21	0.01	0.03	0.01	0.45	0.01	0.03	0.02
Rebecca Clarke	0.08	0.07	0.07	0.37	0.04	0.07	0.05	0.09	0.05	0.1
Lady Gregory	0.59	0.05	0.05	0.04	0.03	0.01	0.06	0.09	0.05	0.05
Adeodato de Canterbury	0.02	0.08	0.18	0.01	0.02	0.6	0.04	0.03	0.01	0.01
Wayne Gretzky	0.02	0.06	0.18	0.01	0.02	0.0	0.01	0.04	0.63	0.03
Samuel Johnson	0.33	0.25	0.24	0.02	0.02	0.04	0.05	0.02	0.01	0.02
Edward Low	0.17	0.13	0.09	0.07	0.13	0.09	0.07	0.09	0.07	0.08
Olivier Messiaen	0.05	0.09	0.18	0.59	0.01	0.02	0.01	0.02	0.01	0.03
Georgette Heyer	0.45	0.12	0.26	0.01	0.02	0.01	0.05	0.04	0.03	0.01
Manuel I Comneno	0.01	0.05	0.28	0.01	0.08	0.48	0.05	0.01	0.01	0.02
Bedřich Smetana	0.02	0.13	0.26	0.5	0.03	0.01	0.02	0.01	0.01	0.01
Thomas Cranmer	0.02	0.09	0.2	0.03	0.03	0.13	0.41	0.02	0.03	0.02
Honório Carneiro Leão	0.03	0.19	0.19	0.02	0.14	0.07	0.24	0.02	0.02	0.08
William Wilberforce	0.27	0.05	0.18	0.03	0.08	0.07	0.17	0.04	0.05	0.08
Benjamin Mountfort	0.1	0.13	0.26	0.02	0.03	0.05	0.05	0.01	0.01	0.35
Jack Warner	0.05	0.24	0.11	0.04	0.07	0.03	0.03	0.14	0.25	0.06
Mariano Rivera	0.06	0.05	0.15	0.03	0.04	0.04	0.02	0.03	0.52	0.07
Shen Kuo	0.16	0.08	0.12	0.05	0.15	0.1	0.07	0.03	0.04	0.2
Anna de Estanglia	0.02	0.11	0.11	0.01	0.01	0.67	0.03	0.01	0.02	0.02
Henry Wood	0.07	0.07	0.1	0.52	0.02	0.02	0.07	0.05	0.02	0.06
Jarome Iginla	0.01	0.07	0.31	0.01	0.05	0.01	0.0	0.02	0.5	0.02
Stanley Holloway	0.15	0.05	0.07	0.08	0.04	0.01	0.06	0.19	0.29	0.07
Offa de Mercia	0.03	0.05	0.26	0.02	0.02	0.53	0.05	0.01	0.01	0.02
Woodes Rogers	0.07	0.12	0.12	0.04	0.2	0.08	0.09	0.05	0.12	0.1
Elena del Reino Unido	0.03	0.04	0.06	0.02	0.02	0.03	0.71	0.02	0.03	0.03
Alcibíades	0.01	0.09	0.31	0.01	0.52	0.04	0.01	0.0	0.01	0.01
Jorge I de Grecia	0.01	0.05	0.24	0.01	0.15	0.07	0.43	0.0	0.02	0.02
Tiridates I de Armenia	0.01	0.08	0.27	0.02	0.08	0.48	0.03	0.01	0.01	0.02
Sigi Schmid	0.04	0.04	0.06	0.05	0.03	0.03	0.05	0.09	0.52	0.1
Vidkun Quisling	0.02	0.08	0.38	0.02	0.42	0.01	0.05	0.0	0.01	0.01
Natalie Clifford Barney	0.41	0.2	0.22	0.05	0.01	0.01	0.03	0.02	0.03	0.04
Ernest Joyce	0.02	0.18	0.27	0.0	0.47	0.01	0.02	0.01	0.01	0.01
Edwin Taylor Pollock	0.09	0.06	0.1	0.08	0.22	0.1	0.09	0.1	0.08	0.08
Rush	0.02	0.03	0.17	0.02	0.01	0.0	0.01	0.68	0.04	0.03
Duncan Edwards	0.03	0.16	0.23	0.02	0.06	0.02	0.05	0.02	0.36	0.04
Jacobo I de Inglaterra y VI de Escocia	0.03	0.08	0.26	0.01	0.03	0.05	0.52	0.0	0.01	0.01
Mary Anning	0.38	0.22	0.29	0.01	0.02	0.02	0.02	0.0	0.01	0.02
Mario Vargas Llosa	0.27	0.15	0.19	0.04	0.07	0.02	0.05	0.01	0.06	0.16
Witold Pilecki	0.01	0.07	0.19	0.02	0.61	0.02	0.04	0.01	0.01	0.02
Thomas Beecham	0.1	0.15	0.09	0.39	0.03	0.03	0.07	0.04	0.05	0.05
Thomas Blamey	0.03	0.03	0.11	0.03	0.6	0.02	0.04	0.02	0.06	0.06
Sebastian Shaw	0.22	0.1	0.16	0.08	0.02	0.01	0.04	0.08	0.27	0.02
Jay Chou	0.02	0.08	0.14	0.1	0.03	0.01	0.02	0.17	0.35	0.09
Pedro II de Brasil	0.02	0.29	0.33	0.01	0.08	0.09	0.15	0.0	0.01	0.02
Oliver Wendell Holmes	0.22	0.17	0.06	0.05	0.12	0.07	0.08	0.09	0.09	0.06
Wesley Clark	0.04	0.06	0.09	0.03	0.35	0.07	0.06	0.06	0.09	0.14
Harmon Killebrew	0.03	0.09	0.14	0.03	0.04	0.03	0.03	0.05	0.47	0.08
Abdul Karim	0.09	0.14	0.15	0.06	0.04	0.07	0.19	0.04	0.11	0.11
Ulrico Zuinglio	0.09	0.09	0.29	0.05	0.03	0.32	0.05	0.01	0.02	0.05
Dominik Hašek	0.01	0.02	0.17	0.02	0.02	0.01	0.02	0.02	0.67	0.04
Eduardo VI de Inglaterra	0.02	0.08	0.2	0.01	0.02	0.04	0.58	0.01	0.02	0.03
Arresto y asesinato de Ngô Đình Diệm	0.01	0.05	0.29	0.02	0.51	0.02	0.04	0.01	0.01	0.03
Makinti Napanangka	0.07	0.07	0.09	0.13	0.16	0.09	0.07	0.09	0.06	0.16
Benjamin Harrison	0.05	0.05	0.21	0.04	0.13	0.1	0.05	0.08	0.13	0.17
W. S. Gilbert	0.39	0.09	0.23	0.12	0.02	0.01	0.02	0.02	0.08	0.02
Chester A. Arthur	0.02	0.19	0.27	0.01	0.06	0.01	0.08	0.02	0.04	0.3
Witold Lutosławski	0.02	0.06	0.27	0.47	0.07	0.02	0.02	0.02	0.01	0.04
Nirvana (banda)	0.02	0.04	0.17	0.01	0.01	0.01	0.0	0.68	0.03	0.02
James Joyce	0.35	0.29	0.22	0.04	0.01	0.01	0.02	0.02	0.01	0.03
Gustav Mahler	0.02	0.1	0.26	0.54	0.02	0.01	0.01	0.01	0.01	0.01
Martin Bucer	0.03	0.05	0.13	0.06	0.03	0.19	0.38	0.03	0.03	0.06
Honoré de Balzac	0.31	0.23	0.27	0.04	0.03	0.03	0.03	0.0	0.02	0.04
Wulfhere de Mercia	0.01	0.05	0.16	0.0	0.01	0.73	0.02	0.01	0.0	0.0
Carlota Augusta de Gales	0.02	0.22	0.29	0.01	0.01	0.01	0.42	0.01	0.01	0.01
William Goebel	0.01	0.13	0.3	0.01	0.35	0.02	0.06	0.01	0.03	0.08
Black Francis	0.03	0.06	0.12	0.02	0.01	0.0	0.01	0.7	0.03	0.02
Infancia y juventud de Joseph Smith (hijo)	0.02	0.63	0.24	0.01	0.02	0.04	0.01	0.01	0.01	0.02
CM Punk	0.0	0.02	0.08	0.0	0.01	0.01	0.01	0.09	0.08	0.7
Wallis Simpson	0.05	0.18	0.22	0.01	0.05	0.01	0.4	0.01	0.05	0.02
Paul Kane	0.08	0.08	0.11	0.06	0.06	0.07	0.08	0.08	0.25	0.12
Alexander Rutherford	0.09	0.09	0.07	0.1	0.13	0.09	0.11	0.1	0.11	0.11
William Gibson	0.15	0.09	0.09	0.08	0.06	0.04	0.08	0.14	0.2	0.08
Domiciano	0.03	0.12	0.27	0.02	0.05	0.45	0.03	0.0	0.01	0.01
Carlos II de Inglaterra	0.01	0.06	0.22	0.0	0.04	0.07	0.57	0.0	0.01	0.02
Rufus Wilmot Griswold	0.22	0.43	0.24	0.02	0.02	0.01	0.02	0.02	0.02	0.01
George F. Kennan	0.1	0.05	0.38	0.05	0.22	0.03	0.03	0.03	0.04	0.07
Judy Garland	0.03	0.11	0.16	0.01	0.01	0.01	0.02	0.16	0.47	0.02
Pierre Rossier	0.03	0.1	0.21	0.02	0.05	0.01	0.02	0.01	0.03	0.5
Robert Peake el Viejo	0.02	0.18	0.21	0.03	0.01	0.04	0.18	0.02	0.02	0.28
Lorenzo de Canterbury	0.03	0.08	0.16	0.02	0.01	0.6	0.04	0.01	0.02	0.02
George Brinton McClellan	0.06	0.08	0.16	0.03	0.31	0.04	0.03	0.03	0.06	0.18
Joseph Barbera	0.07	0.08	0.15	0.02	0.03	0.02	0.01	0.04	0.53	0.07
Ieoh Ming Pei	0.08	0.1	0.08	0.05	0.06	0.02	0.02	0.05	0.14	0.39
Vladislao II de Polonia	0.0	0.03	0.22	0.01	0.14	0.46	0.12	0.01	0.0	0.01
Peter Heywood	0.02	0.1	0.2	0.04	0.4	0.04	0.08	0.03	0.02	0.06
Pericles	0.02	0.11	0.31	0.01	0.44	0.08	0.01	0.0	0.01	0.01
William Longchamp	0.03	0.08	0.23	0.03	0.05	0.15	0.33	0.03	0.02	0.04
Ayumi Hamasaki	0.01	0.04	0.21	0.01	0.01	0.0	0.01	0.6	0.07	0.04
Hispanos en la Segunda Guerra Mundial	0.01	0.02	0.1	0.01	0.63	0.03	0.02	0.03	0.04	0.12
Elliott Smith	0.06	0.19	0.14	0.02	0.01	0.01	0.01	0.5	0.05	0.03
Harry McNish	0.03	0.19	0.24	0.02	0.43	0.01	0.03	0.01	0.03	0.02
Ronald Niel Stuart	0.1	0.06	0.1	0.09	0.33	0.03	0.1	0.05	0.06	0.07
Rudolph Cartier	0.11	0.08	0.18	0.08	0.03	0.01	0.02	0.05	0.41	0.02
James Nesbitt	0.09	0.05	0.09	0.04	0.05	0.02	0.06	0.09	0.47	0.04
Bert Trautmann	0.06	0.04	0.09	0.06	0.12	0.04	0.09	0.07	0.35	0.1
Ethan Hawke	0.11	0.14	0.05	0.07	0.02	0.03	0.05	0.06	0.38	0.08
Bob Meusel	0.02	0.05	0.11	0.01	0.03	0.01	0.01	0.03	0.71	0.03
Aeneas Mackintosh	0.02	0.13	0.28	0.01	0.5	0.01	0.02	0.01	0.02	0.01
Phil Hartman	0.06	0.12	0.12	0.03	0.01	0.01	0.05	0.11	0.44	0.05
Alberto de Sajonia-Coburgo-Gotha	0.02	0.09	0.22	0.03	0.02	0.03	0.54	0.02	0.01	0.03
Ricardo II de Inglaterra	0.02	0.12	0.14	0.03	0.03	0.08	0.5	0.02	0.02	0.04
Sex Pistols	0.02	0.1	0.25	0.01	0.01	0.01	0.02	0.54	0.03	0.02
Alain Prost	0.01	0.04	0.21	0.01	0.03	0.01	0.02	0.02	0.59	0.05
Clemente de Dunblane	0.02	0.04	0.31	0.01	0.03	0.48	0.07	0.01	0.01	0.03
Simeón I de Bulgaria	0.02	0.05	0.19	0.01	0.11	0.55	0.03	0.01	0.01	0.02
Constantino II de Escocia	0.04	0.03	0.17	0.03	0.03	0.55	0.08	0.02	0.02	0.03
Nikita Jrushchov	0.02	0.07	0.34	0.01	0.49	0.02	0.01	0.01	0.01	0.02
Preity Zinta	0.06	0.09	0.12	0.01	0.02	0.02	0.02	0.03	0.6	0.05
Fridtjof Nansen	0.06	0.08	0.18	0.02	0.5	0.01	0.04	0.02	0.04	0.07
Noël Coward	0.18	0.05	0.08	0.26	0.01	0.01	0.05	0.14	0.2	0.02
Walter de Coventre	0.04	0.11	0.22	0.08	0.04	0.21	0.15	0.04	0.05	0.07
Sandy Koufax	0.01	0.04	0.21	0.0	0.01	0.01	0.01	0.03	0.68	0.01
Ramón Emeterio Betances	0.04	0.16	0.24	0.01	0.07	0.03	0.07	0.0	0.01	0.36
María II de Inglaterra	0.02	0.08	0.24	0.01	0.01	0.04	0.55	0.01	0.02	0.02
Chinua Achebe	0.28	0.13	0.06	0.07	0.07	0.09	0.09	0.07	0.05	0.07
José Maria da Silva Paranhos	0.08	0.13	0.08	0.07	0.12	0.08	0.25	0.05	0.07	0.09
Walter Bache	0.03	0.08	0.26	0.56	0.01	0.0	0.02	0.02	0.0	0.01
James Russell Lowell	0.36	0.19	0.25	0.03	0.02	0.0	0.03	0.01	0.05	0.06
Bob Dylan	0.08	0.07	0.17	0.03	0.01	0.01	0.01	0.53	0.08	0.02
Pedro Álvares Cabral	0.01	0.12	0.27	0.01	0.2	0.31	0.03	0.0	0.0	0.03
Ernesto Augusto I de Hannover	0.03	0.04	0.11	0.02	0.09	0.02	0.6	0.02	0.03	0.02
Damon Hill	0.01	0.04	0.22	0.01	0.02	0.01	0.04	0.02	0.61	0.02
Basilisco (emperador)	0.01	0.05	0.24	0.01	0.12	0.51	0.03	0.01	0.01	0.01
Frank Zappa	0.04	0.1	0.19	0.09	0.01	0.01	0.01	0.49	0.05	0.02
Robert Catesby	0.02	0.14	0.27	0.01	0.03	0.07	0.43	0.01	0.01	0.02
Demóstenes	0.03	0.13	0.29	0.01	0.42	0.07	0.01	0.0	0.01	0.02
Iván Bagramián	0.01	0.02	0.19	0.01	0.7	0.03	0.01	0.01	0.01	0.01
William Butler Yeats	0.39	0.13	0.14	0.1	0.02	0.02	0.06	0.04	0.03	0.07
Cillian Murphy	0.07	0.12	0.12	0.03	0.0	0.01	0.01	0.17	0.43	0.03
Juan Calvino	0.05	0.17	0.33	0.02	0.02	0.26	0.08	0.01	0.02	0.05
Nikolái Rimski-Kórsakov	0.04	0.08	0.27	0.55	0.01	0.01	0.01	0.01	0.0	0.02
Terámenes	0.02	0.06	0.32	0.01	0.53	0.03	0.0	0.0	0.01	0.01
Luisa del Reino Unido (1848-1939)	0.04	0.11	0.09	0.02	0.04	0.02	0.55	0.01	0.04	0.07
Alice in Chains	0.02	0.06	0.13	0.02	0.01	0.01	0.01	0.69	0.05	0.01
Pearl Jam	0.01	0.06	0.22	0.01	0.01	0.01	0.0	0.61	0.04	0.03
Sasha (DJ)	0.07	0.05	0.1	0.04	0.01	0.01	0.02	0.57	0.06	0.07
Ian O'Brien	0.01	0.06	0.2	0.01	0.03	0.02	0.03	0.03	0.61	0.01
Joseph Szigeti	0.05	0.13	0.13	0.39	0.04	0.07	0.04	0.05	0.06	0.05
Pham Ngoc Thao	0.01	0.06	0.23	0.01	0.5	0.03	0.05	0.01	0.02	0.07
Anna May Wong	0.11	0.12	0.07	0.02	0.02	0.02	0.05	0.16	0.3	0.13
Steve Bruce	0.05	0.04	0.08	0.06	0.03	0.03	0.08	0.08	0.5	0.05
Juan Davis Bradburn	0.02	0.05	0.29	0.0	0.21	0.07	0.02	0.0	0.01	0.33
Georges Bizet	0.02	0.12	0.27	0.49	0.02	0.01	0.03	0.01	0.01	0.01
Penda de Mercia	0.05	0.07	0.12	0.04	0.06	0.48	0.05	0.04	0.04	0.05
Sadruddin Aga Khan	0.06	0.12	0.2	0.03	0.09	0.05	0.08	0.02	0.02	0.35
Józef Piłsudski	0.02	0.11	0.26	0.03	0.45	0.04	0.03	0.01	0.01	0.04
Diane Keaton	0.08	0.18	0.16	0.02	0.0	0.01	0.01	0.08	0.45	0.02
Tomás el Eslavo	0.01	0.05	0.18	0.01	0.11	0.59	0.02	0.01	0.01	0.02
Jack Sheppard	0.13	0.42	0.25	0.03	0.03	0.01	0.03	0.01	0.05	0.03
Frank Klepacki	0.1	0.12	0.08	0.08	0.1	0.05	0.05	0.14	0.16	0.1
María de Teck	0.03	0.13	0.23	0.01	0.02	0.01	0.55	0.01	0.02	0.01
R.E.M.	0.02	0.04	0.15	0.01	0.01	0.01	0.01	0.7	0.04	0.02
Gwen Stefani	0.02	0.08	0.13	0.02	0.01	0.01	0.01	0.57	0.13	0.02
Kathleen Ferrier	0.11	0.09	0.08	0.38	0.01	0.02	0.07	0.13	0.06	0.05
Giovanni Villani	0.07	0.09	0.29	0.06	0.06	0.24	0.05	0.02	0.04	0.08
Sylvanus Morley	0.1	0.14	0.21	0.02	0.11	0.04	0.02	0.02	0.05	0.29
Guillermo de Corbeil	0.04	0.08	0.11	0.05	0.06	0.24	0.28	0.03	0.04	0.06
Mário de Andrade	0.17	0.22	0.22	0.29	0.01	0.02	0.01	0.01	0.02	0.03
Rachel Carson	0.14	0.12	0.32	0.1	0.1	0.03	0.04	0.03	0.06	0.05
Jorge I de Gran Bretaña	0.01	0.03	0.23	0.01	0.03	0.05	0.61	0.01	0.01	0.02
Filetas	0.15	0.08	0.06	0.08	0.13	0.15	0.08	0.05	0.07	0.14
David I de Escocia	0.02	0.04	0.24	0.02	0.02	0.45	0.19	0.01	0.01	0.01
Thomas Baker (aviador)	0.02	0.06	0.17	0.01	0.48	0.03	0.03	0.02	0.15	0.03
Eduard Streltsov	0.01	0.06	0.16	0.04	0.16	0.02	0.03	0.02	0.47	0.03
Rutherford B. Hayes	0.03	0.07	0.14	0.02	0.25	0.03	0.08	0.03	0.07	0.28
Selena Quintanilla Pérez	0.02	0.17	0.13	0.02	0.02	0.01	0.01	0.22	0.09	0.29
Frederick Delius	0.08	0.12	0.16	0.4	0.03	0.03	0.06	0.04	0.03	0.05
María Amelia de Braganza	0.02	0.34	0.18	0.01	0.02	0.05	0.34	0.01	0.01	0.03
Slayer	0.02	0.08	0.18	0.01	0.02	0.01	0.01	0.63	0.03	0.01
Heinz Bär	0.02	0.03	0.15	0.03	0.59	0.03	0.04	0.01	0.06	0.04
Catalina de Médici	0.01	0.17	0.24	0.01	0.03	0.07	0.39	0.01	0.01	0.05
The Kinks	0.03	0.07	0.2	0.01	0.0	0.01	0.0	0.62	0.04	0.01
Eadbaldo de Kent	0.02	0.03	0.14	0.03	0.02	0.65	0.05	0.02	0.03	0.03
Bernard Fanning	0.04	0.12	0.19	0.02	0.02	0.01	0.01	0.51	0.06	0.03
Alboino	0.03	0.07	0.13	0.05	0.12	0.41	0.08	0.04	0.03	0.05
George Fox	0.08	0.25	0.45	0.02	0.03	0.07	0.07	0.01	0.01	0.02
Ban Ki-moon	0.03	0.11	0.22	0.03	0.15	0.02	0.04	0.03	0.06	0.31
Agustín de Canterbury	0.02	0.09	0.2	0.01	0.02	0.53	0.06	0.01	0.02	0.03
Esteban de Inglaterra	0.02	0.03	0.07	0.03	0.03	0.19	0.54	0.02	0.03	0.03
Benjamin Morrell	0.07	0.2	0.25	0.01	0.38	0.02	0.02	0.01	0.02	0.03
Luis de Battenberg	0.02	0.05	0.2	0.01	0.19	0.01	0.47	0.01	0.03	0.01
Brian Horrocks	0.09	0.06	0.07	0.06	0.16	0.08	0.09	0.09	0.18	0.13
Nigel (obispo de Ely)	0.04	0.05	0.22	0.03	0.05	0.35	0.12	0.02	0.09	0.05
Joe Sakic	0.01	0.04	0.11	0.01	0.03	0.01	0.02	0.03	0.72	0.02
Richard Hakluyt	0.32	0.05	0.05	0.07	0.08	0.05	0.11	0.15	0.04	0.09
Russell T Davies	0.13	0.12	0.17	0.01	0.01	0.01	0.01	0.07	0.47	0.01
Richard Dannatt	0.04	0.07	0.31	0.01	0.36	0.03	0.09	0.03	0.02	0.04
André Kertész	0.08	0.11	0.25	0.02	0.02	0.01	0.02	0.02	0.05	0.42
Flea	0.01	0.1	0.2	0.02	0.02	0.01	0.01	0.58	0.05	0.01
Godsmack	0.02	0.06	0.18	0.01	0.01	0.01	0.01	0.67	0.02	0.01
Ima Hogg	0.05	0.25	0.16	0.03	0.03	0.03	0.04	0.01	0.03	0.35
Albert Speer	0.03	0.13	0.32	0.02	0.39	0.02	0.02	0.0	0.01	0.04
Eduardo III de Inglaterra	0.01	0.05	0.24	0.01	0.04	0.13	0.48	0.01	0.01	0.02
William Henry Harrison	0.04	0.12	0.16	0.02	0.15	0.03	0.08	0.02	0.06	0.32
Tool	0.02	0.05	0.2	0.02	0.01	0.01	0.01	0.64	0.02	0.03
Franklin Knight Lane	0.06	0.09	0.1	0.09	0.11	0.07	0.1	0.07	0.1	0.22
Bill Russell	0.01	0.04	0.17	0.01	0.01	0.01	0.01	0.01	0.7	0.02
El Turco	0.04	0.17	0.28	0.26	0.03	0.03	0.04	0.02	0.07	0.06
William Hanna	0.07	0.05	0.22	0.02	0.01	0.01	0.01	0.05	0.51	0.04
Roman Vishniac	0.08	0.17	0.09	0.14	0.16	0.05	0.06	0.04	0.05	0.16
William Walton	0.06	0.07	0.19	0.51	0.02	0.02	0.03	0.03	0.03	0.03
Enrique de Uppsala	0.12	0.09	0.1	0.06	0.09	0.15	0.15	0.08	0.06	0.09
Harriet Arbuthnot	0.07	0.22	0.27	0.01	0.02	0.03	0.34	0.01	0.01	0.01
Trasíbulo	0.01	0.03	0.3	0.0	0.54	0.08	0.01	0.01	0.01	0.01
Motörhead	0.02	0.04	0.12	0.01	0.01	0.0	0.01	0.73	0.04	0.03
David Lovering	0.03	0.05	0.16	0.02	0.01	0.01	0.02	0.62	0.05	0.03
Maynard James Keenan	0.04	0.12	0.17	0.01	0.01	0.02	0.01	0.55	0.05	0.03
Maximiano	0.0	0.03	0.28	0.01	0.08	0.55	0.04	0.0	0.01	0.01
Abbas Kiarostami	0.14	0.09	0.06	0.09	0.04	0.02	0.03	0.09	0.12	0.32
Nick Drake	0.04	0.15	0.22	0.04	0.01	0.0	0.02	0.48	0.03	0.01
Alphege	0.03	0.07	0.23	0.02	0.07	0.5	0.03	0.01	0.01	0.03
Shelton Benjamin	0.01	0.01	0.06	0.0	0.01	0.01	0.0	0.07	0.12	0.71
Katie Holmes	0.1	0.19	0.14	0.01	0.02	0.03	0.04	0.07	0.35	0.05
Sarah Churchill	0.07	0.08	0.1	0.04	0.03	0.03	0.55	0.03	0.02	0.04
Etelredo de Mercia	0.01	0.04	0.16	0.01	0.01	0.71	0.04	0.01	0.01	0.01
Yagan	0.04	0.43	0.27	0.02	0.1	0.03	0.03	0.02	0.04	0.03
Murray Maxwell	0.02	0.06	0.25	0.01	0.48	0.02	0.09	0.01	0.01	0.06
Piotr Ilich Chaikovski y Los Cinco	0.01	0.07	0.34	0.53	0.01	0.01	0.01	0.01	0.01	0.01
AC DC	0.04	0.08	0.12	0.01	0.02	0.01	0.01	0.64	0.06	0.01
The Wiggles	0.05	0.07	0.11	0.04	0.07	0.04	0.03	0.3	0.23	0.07
Werner Mölders	0.02	0.08	0.15	0.03	0.53	0.02	0.04	0.02	0.04	0.08
Heliogábalo	0.07	0.14	0.17	0.03	0.01	0.43	0.06	0.03	0.01	0.03
El Lissitzky	0.07	0.09	0.27	0.13	0.06	0.01	0.01	0.01	0.02	0.33
Radiohead	0.02	0.03	0.18	0.03	0.01	0.01	0.01	0.67	0.03	0.02
Joy Division	0.03	0.1	0.19	0.03	0.01	0.01	0.01	0.56	0.04	0.02
Zelda Fitzgerald	0.12	0.2	0.1	0.07	0.06	0.05	0.11	0.08	0.14	0.08
Aspasia de Mileto	0.13	0.22	0.23	0.02	0.32	0.05	0.01	0.01	0.01	0.01
Aelle de Sussex	0.02	0.05	0.22	0.01	0.01	0.63	0.02	0.01	0.01	0.02
Lisa Gherardini	0.02	0.25	0.19	0.02	0.02	0.05	0.05	0.01	0.02	0.37
Guillermo de Tiro	0.07	0.05	0.14	0.04	0.02	0.37	0.19	0.02	0.02	0.07
Tom Pryce	0.04	0.14	0.19	0.03	0.03	0.02	0.05	0.03	0.45	0.02
Kate Bush	0.05	0.09	0.14	0.09	0.01	0.02	0.01	0.52	0.03	0.03
Ann Bannon	0.44	0.2	0.25	0.01	0.01	0.0	0.01	0.03	0.04	0.01
Nathaniel Parker Willis	0.39	0.15	0.17	0.03	0.04	0.02	0.04	0.06	0.08	0.03
Walther Model	0.01	0.03	0.17	0.04	0.62	0.02	0.03	0.03	0.02	0.04
Piotr Ilich Chaikovski y el Círculo Beliáyev	0.02	0.09	0.31	0.51	0.02	0.01	0.01	0.01	0.01	0.01
Pixies	0.01	0.06	0.15	0.01	0.0	0.01	0.01	0.71	0.02	0.01
Stan Musial	0.02	0.04	0.17	0.02	0.04	0.02	0.02	0.02	0.61	0.05
Evelyn Waugh	0.35	0.16	0.1	0.04	0.11	0.03	0.07	0.04	0.05	0.05
Nancy Cartwright	0.1	0.08	0.17	0.03	0.02	0.01	0.02	0.08	0.45	0.05
Matthew Brettingham	0.04	0.1	0.27	0.03	0.06	0.08	0.08	0.03	0.02	0.29
Nigel Kneale	0.19	0.07	0.16	0.01	0.02	0.0	0.02	0.07	0.44	0.02
Murasaki Shikibu	0.33	0.18	0.13	0.08	0.05	0.08	0.07	0.04	0.02	0.01
Olivia Manning	0.42	0.17	0.25	0.01	0.06	0.01	0.03	0.01	0.03	0.02
Opeth	0.02	0.07	0.13	0.02	0.01	0.01	0.01	0.69	0.03	0.01
Clements R. Markham	0.14	0.05	0.21	0.01	0.36	0.03	0.1	0.01	0.01	0.09
John Dee	0.29	0.2	0.22	0.02	0.03	0.04	0.1	0.03	0.05	0.03
Georg Forster	0.29	0.11	0.18	0.08	0.17	0.02	0.05	0.01	0.02	0.07
The Greencards	0.04	0.04	0.12	0.03	0.01	0.01	0.01	0.65	0.08	0.02
Virginia Eliza Clemm	0.09	0.6	0.22	0.01	0.01	0.01	0.02	0.01	0.02	0.02
Silverchair	0.03	0.06	0.15	0.02	0.01	0.01	0.01	0.62	0.06	0.03
Ana de Dinamarca	0.02	0.09	0.09	0.04	0.04	0.04	0.62	0.02	0.02	0.02
Garret Hobart	0.1	0.07	0.06	0.07	0.15	0.06	0.14	0.07	0.13	0.14
Thích Quảng Đức	0.01	0.1	0.26	0.01	0.43	0.06	0.02	0.02	0.03	0.06
Magic Johnson	0.02	0.06	0.21	0.01	0.02	0.01	0.01	0.04	0.61	0.02
Guillermo IV del Reino Unido	0.01	0.02	0.26	0.01	0.02	0.01	0.63	0.01	0.02	0.01
Caspar David Friedrich	0.07	0.14	0.2	0.27	0.05	0.03	0.06	0.01	0.01	0.17
Piotr Ilich Chaikovski	0.03	0.15	0.29	0.47	0.01	0.02	0.02	0.0	0.0	0.01
John Knox	0.14	0.05	0.15	0.01	0.04	0.09	0.4	0.07	0.02	0.04
Mary Martha Sherwood	0.51	0.2	0.17	0.01	0.02	0.02	0.04	0.01	0.01	0.01
Jim Thorpe	0.02	0.11	0.23	0.01	0.03	0.03	0.03	0.02	0.51	0.02
S.H.E	0.02	0.09	0.13	0.01	0.03	0.01	0.02	0.27	0.38	0.05
Leo Ornstein	0.05	0.12	0.16	0.43	0.04	0.05	0.04	0.04	0.06	0.02
Victoria de Hesse-Darmstadt	0.01	0.18	0.19	0.02	0.05	0.01	0.51	0.01	0.01	0.01
Adelaide Anne Procter	0.42	0.2	0.19	0.03	0.02	0.02	0.04	0.04	0.02	0.03
Paulino de York	0.02	0.06	0.18	0.01	0.01	0.62	0.05	0.02	0.01	0.02
Joey Santiago	0.02	0.09	0.13	0.02	0.01	0.01	0.01	0.63	0.05	0.04
Martin Brodeur	0.06	0.06	0.13	0.05	0.06	0.05	0.04	0.04	0.44	0.07
Lazare Ponticelli	0.06	0.2	0.15	0.04	0.13	0.05	0.13	0.02	0.06	0.14
Miranda Otto	0.07	0.1	0.14	0.04	0.01	0.01	0.03	0.08	0.5	0.02
Aldfrith	0.03	0.08	0.17	0.01	0.03	0.62	0.04	0.01	0.01	0.01
Jorge III del Reino Unido	0.01	0.06	0.24	0.01	0.03	0.02	0.6	0.01	0.01	0.01
Ethelberto de Kent	0.01	0.06	0.21	0.01	0.01	0.67	0.02	0.01	0.0	0.01
Jorge IV del Reino Unido	0.01	0.08	0.27	0.01	0.02	0.01	0.57	0.01	0.01	0.01
Ernest Shackleton	0.05	0.11	0.27	0.01	0.47	0.01	0.04	0.02	0.01	0.01
Wilco	0.03	0.04	0.17	0.01	0.01	0.01	0.0	0.7	0.02	0.02
Bob Windle	0.0	0.05	0.15	0.01	0.04	0.01	0.01	0.01	0.71	0.02
Choe Bu	0.09	0.13	0.15	0.05	0.11	0.17	0.08	0.04	0.05	0.13
Issy Smith	0.03	0.14	0.18	0.06	0.19	0.06	0.13	0.05	0.09	0.07
Joe Hewitt	0.03	0.03	0.21	0.02	0.57	0.01	0.03	0.02	0.05	0.02
Rogers Hornsby	0.02	0.02	0.22	0.03	0.04	0.03	0.02	0.05	0.53	0.04
Hasekura Tsunenaga	0.02	0.05	0.19	0.01	0.13	0.12	0.04	0.02	0.01	0.42
Rudolf Wolters	0.03	0.12	0.28	0.02	0.43	0.01	0.02	0.0	0.02	0.07
Damageplan	0.03	0.12	0.15	0.02	0.02	0.02	0.04	0.51	0.04	0.05
Jovan Vladimir	0.03	0.09	0.11	0.02	0.04	0.59	0.04	0.02	0.01	0.05
Rudolf Vrba	0.05	0.11	0.19	0.09	0.3	0.07	0.02	0.03	0.08	0.06
Carsten Borchgrevink	0.04	0.09	0.27	0.01	0.5	0.01	0.03	0.01	0.02	0.02
Stephen Crane	0.27	0.22	0.08	0.06	0.11	0.03	0.03	0.06	0.08	0.07
Daniel Boone	0.23	0.24	0.16	0.02	0.1	0.05	0.11	0.04	0.04	0.02
Stereolab	0.03	0.04	0.1	0.04	0.0	0.01	0.01	0.73	0.02	0.03
Alicia de Battenberg	0.01	0.12	0.18	0.01	0.09	0.01	0.53	0.01	0.01	0.02
Roger Waters	0.04	0.07	0.16	0.04	0.04	0.01	0.03	0.54	0.06	0.02
Eduardo VIII del Reino Unido	0.03	0.11	0.24	0.01	0.06	0.02	0.5	0.01	0.01	0.01
John Michael Wright	0.09	0.05	0.14	0.11	0.07	0.08	0.19	0.06	0.03	0.19
Adam Gilchrist	0.11	0.08	0.09	0.11	0.09	0.08	0.12	0.11	0.14	0.08
Henry Moore	0.11	0.13	0.21	0.03	0.03	0.01	0.04	0.04	0.03	0.38
Moe Berg	0.14	0.09	0.17	0.08	0.09	0.04	0.04	0.06	0.2	0.1
Gerard de Ruán	0.04	0.09	0.17	0.05	0.04	0.18	0.29	0.03	0.04	0.06
Nicolo Giraud	0.13	0.25	0.25	0.03	0.03	0.01	0.03	0.01	0.01	0.24
Dmitri Shostakóvich	0.07	0.13	0.21	0.45	0.05	0.02	0.01	0.02	0.02	0.02
Domenico Selvo	0.02	0.04	0.22	0.07	0.08	0.29	0.07	0.02	0.02	0.16
William Burges	0.13	0.06	0.07	0.08	0.06	0.06	0.2	0.08	0.09	0.16
Satyajit Ray	0.1	0.15	0.24	0.06	0.01	0.03	0.01	0.04	0.32	0.05
Aldred	0.03	0.04	0.18	0.02	0.04	0.49	0.17	0.01	0.01	0.02
Máximo el Confesor	0.08	0.14	0.22	0.01	0.03	0.46	0.03	0.01	0.01	0.02
Adrian Boult	0.04	0.03	0.17	0.5	0.03	0.02	0.05	0.06	0.07	0.02
James Robert Baker	0.26	0.19	0.23	0.02	0.03	0.01	0.01	0.09	0.16	0.01
Wihtred de Kent	0.02	0.04	0.21	0.01	0.02	0.66	0.02	0.01	0.01	0.01
Albert Kesselring	0.02	0.02	0.08	0.04	0.67	0.01	0.06	0.03	0.02	0.03
Olga Nikolaevna de Rusia (1895-1918)	0.03	0.46	0.13	0.04	0.05	0.04	0.19	0.02	0.03	0.02
Jorge V del Reino Unido	0.02	0.08	0.22	0.02	0.06	0.01	0.56	0.01	0.02	0.01
Ethelbaldo de Mercia	0.01	0.05	0.2	0.01	0.01	0.67	0.02	0.01	0.01	0.01
Gerald Ford	0.01	0.11	0.24	0.01	0.11	0.01	0.05	0.02	0.32	0.13
Egberto	0.02	0.09	0.06	0.01	0.03	0.64	0.08	0.03	0.02	0.03
Ine de Wessex	0.03	0.05	0.25	0.01	0.01	0.61	0.02	0.01	0.01	0.01
Samantha Smith	0.03	0.33	0.25	0.02	0.21	0.02	0.02	0.02	0.04	0.06
Robert Falcon Scott	0.05	0.13	0.29	0.02	0.41	0.02	0.05	0.01	0.02	0.01
Tim Duncan	0.01	0.05	0.14	0.01	0.02	0.02	0.01	0.01	0.7	0.03
Calvin Coolidge	0.02	0.09	0.35	0.02	0.13	0.03	0.06	0.02	0.04	0.25
Abu Nidal	0.06	0.11	0.12	0.02	0.09	0.09	0.05	0.03	0.03	0.4
James Bowie	0.02	0.11	0.24	0.02	0.11	0.14	0.04	0.03	0.02	0.26
Gilberto Silva	0.01	0.1	0.22	0.01	0.03	0.0	0.03	0.01	0.56	0.02
Strapping Young Lad	0.04	0.02	0.08	0.05	0.04	0.04	0.03	0.59	0.07	0.05
William T. Anderson	0.05	0.19	0.14	0.03	0.32	0.06	0.05	0.06	0.03	0.07
Ram Narayan	0.05	0.05	0.06	0.09	0.05	0.05	0.14	0.14	0.15	0.23
Elias Ashmole	0.18	0.11	0.22	0.08	0.04	0.07	0.12	0.06	0.05	0.07
Josquin des Prés	0.04	0.08	0.11	0.18	0.0	0.05	0.02	0.02	0.01	0.49
Coenredo de Mercia	0.02	0.05	0.17	0.01	0.02	0.66	0.03	0.01	0.01	0.01
William McGregor	0.12	0.06	0.3	0.02	0.03	0.03	0.06	0.03	0.31	0.03
Vivien Leigh	0.13	0.12	0.21	0.04	0.01	0.02	0.04	0.03	0.37	0.03
Ed Stelmach	0.1	0.1	0.07	0.09	0.1	0.07	0.21	0.06	0.09	0.12
Big Star	0.05	0.02	0.06	0.02	0.01	0.01	0.01	0.74	0.04	0.05
Harry Cobby	0.05	0.04	0.1	0.08	0.37	0.05	0.07	0.04	0.13	0.08
Leslie Groves	0.04	0.08	0.17	0.05	0.32	0.02	0.04	0.03	0.06	0.18
Andrew Browne Cunningham	0.01	0.05	0.23	0.02	0.53	0.02	0.1	0.01	0.01	0.01
Melito de Canterbury	0.03	0.05	0.19	0.01	0.02	0.63	0.03	0.01	0.01	0.02
Pío XII	0.03	0.16	0.22	0.04	0.12	0.31	0.07	0.01	0.01	0.05
Ernst Lindemann	0.03	0.07	0.16	0.06	0.51	0.02	0.07	0.01	0.04	0.03
Talbot Baines Reed	0.63	0.05	0.05	0.03	0.02	0.02	0.05	0.07	0.05	0.03
Stede Bonnet	0.06	0.11	0.19	0.01	0.43	0.04	0.08	0.03	0.02	0.03
Ceawlin de Wessex	0.06	0.09	0.09	0.04	0.05	0.47	0.04	0.05	0.04	0.05
Guy Fawkes	0.03	0.21	0.18	0.03	0.04	0.08	0.31	0.03	0.03	0.06
Ion Heliade-Rădulescu	0.37	0.12	0.2	0.02	0.04	0.12	0.04	0.01	0.01	0.05
George Moore	0.56	0.1	0.16	0.03	0.01	0.01	0.04	0.02	0.03	0.03
Uncle Tupelo	0.02	0.05	0.18	0.02	0.01	0.0	0.01	0.65	0.03	0.02
Powderfinger	0.04	0.05	0.04	0.04	0.04	0.05	0.05	0.58	0.06	0.05
Wail al-Shehri	0.02	0.2	0.17	0.02	0.43	0.01	0.02	0.02	0.05	0.06
Bix Beiderbecke	0.07	0.12	0.19	0.19	0.05	0.02	0.05	0.19	0.04	0.09
Alfonso de Brasil	0.03	0.4	0.17	0.03	0.03	0.06	0.22	0.02	0.02	0.03
Bette Davis	0.04	0.16	0.21	0.02	0.01	0.01	0.02	0.04	0.46	0.03
U2	0.04	0.05	0.13	0.02	0.01	0.0	0.01	0.65	0.06	0.02
Olga Aleksándrovna Románova	0.07	0.14	0.07	0.08	0.06	0.07	0.35	0.05	0.07	0.05
Isabel Bowes-Lyon	0.02	0.18	0.23	0.01	0.06	0.01	0.39	0.01	0.05	0.02
Cædwalla de Wessex	0.02	0.05	0.2	0.01	0.0	0.68	0.02	0.01	0.01	0.01
Stigand	0.01	0.07	0.21	0.02	0.02	0.49	0.15	0.02	0.01	0.02
Diocleciano	0.01	0.05	0.34	0.0	0.06	0.5	0.01	0.0	0.01	0.01
Anna Laetitia Barbauld	0.5	0.14	0.22	0.02	0.03	0.02	0.03	0.02	0.02	0.01
The Orb	0.04	0.03	0.07	0.05	0.02	0.02	0.03	0.64	0.05	0.04
Godofredo Plantagenet, Arzobispo de York	0.05	0.1	0.1	0.05	0.05	0.16	0.32	0.05	0.05	0.05
Meshuggah	0.01	0.06	0.23	0.03	0.02	0.01	0.01	0.59	0.02	0.01
Wiglaf de Mercia	0.01	0.04	0.23	0.01	0.01	0.66	0.02	0.01	0.02	0.01
Ozzie Smith	0.02	0.07	0.21	0.03	0.04	0.03	0.02	0.04	0.47	0.07
Chrisye	0.06	0.06	0.06	0.19	0.1	0.05	0.09	0.28	0.06	0.06
Epaminondas	0.01	0.06	0.33	0.01	0.5	0.08	0.0	0.0	0.0	0.01
Jacobo II de Inglaterra	0.01	0.05	0.19	0.01	0.03	0.05	0.63	0.01	0.01	0.02
George Romney	0.04	0.06	0.23	0.01	0.09	0.03	0.02	0.02	0.22	0.28
Anastasia Nikolaevna de Rusia	0.02	0.54	0.2	0.03	0.03	0.03	0.12	0.01	0.02	0.01
Teresa Cristina de Borbón y Dos Sicilias	0.01	0.44	0.25	0.01	0.02	0.04	0.19	0.0	0.01	0.02
The Smashing Pumpkins	0.02	0.05	0.16	0.02	0.0	0.01	0.01	0.69	0.02	0.01
Atalo I	0.01	0.08	0.2	0.01	0.4	0.22	0.05	0.0	0.01	0.02
Joel Brand	0.03	0.1	0.25	0.05	0.38	0.04	0.02	0.02	0.03	0.07
Georg Solti	0.12	0.04	0.04	0.44	0.03	0.03	0.08	0.09	0.06	0.07
Aaron Sorkin	0.11	0.08	0.09	0.03	0.03	0.02	0.01	0.08	0.51	0.03
William McKinley	0.02	0.11	0.3	0.02	0.16	0.02	0.03	0.02	0.04	0.29
Khalid al-Mihdhar	0.02	0.1	0.13	0.02	0.42	0.06	0.07	0.03	0.06	0.09
Alfred Russel Wallace	0.49	0.12	0.26	0.01	0.04	0.02	0.01	0.01	0.01	0.02
John Day	0.27	0.13	0.28	0.04	0.02	0.05	0.1	0.03	0.02	0.05
Maggie Gyllenhaal	0.06	0.15	0.12	0.02	0.02	0.02	0.03	0.13	0.4	0.05
William Bruce	0.03	0.13	0.2	0.03	0.06	0.04	0.37	0.01	0.01	0.13
Tōru Takemitsu	0.06	0.1	0.21	0.41	0.03	0.02	0.01	0.08	0.05	0.04
Katharine Hepburn	0.07	0.19	0.14	0.05	0.01	0.01	0.06	0.05	0.41	0.02
John Churchill, I duque de Marlborough	0.01	0.05	0.19	0.03	0.18	0.09	0.41	0.01	0.01	0.02
Nikita Zotov	0.09	0.14	0.13	0.19	0.12	0.1	0.07	0.05	0.06	0.05
Iván Alejandro de Bulgaria	0.01	0.01	0.22	0.01	0.07	0.6	0.06	0.01	0.01	0.01
Arthur Ernest Percival	0.03	0.06	0.25	0.01	0.46	0.03	0.06	0.02	0.03	0.05
Eric Bana	0.07	0.1	0.15	0.01	0.04	0.01	0.04	0.08	0.48	0.02
Charles Edward Magoon	0.06	0.17	0.18	0.03	0.12	0.06	0.05	0.05	0.07	0.22
Edward Drinker Cope	0.12	0.25	0.15	0.04	0.08	0.05	0.05	0.03	0.05	0.18
Simon Bolivar Buckner	0.07	0.07	0.07	0.05	0.22	0.12	0.08	0.07	0.06	0.19
Gregorio Nacianceno	0.07	0.15	0.24	0.03	0.03	0.42	0.01	0.01	0.01	0.03
Áedán mac Gabráin	0.06	0.05	0.12	0.05	0.05	0.46	0.09	0.04	0.04	0.05
Peter Jennings	0.11	0.09	0.08	0.07	0.09	0.07	0.08	0.17	0.12	0.12
William Speirs Bruce	0.07	0.1	0.28	0.01	0.4	0.01	0.08	0.01	0.02	0.02
Alejandra de Dinamarca	0.02	0.16	0.22	0.02	0.03	0.02	0.48	0.01	0.03	0.02
Thomas Crean	0.04	0.11	0.21	0.02	0.51	0.02	0.02	0.02	0.04	0.02
Luís Alves de Lima e Silva	0.01	0.17	0.1	0.03	0.26	0.07	0.21	0.01	0.03	0.09
Bruno Maddox	0.63	0.04	0.08	0.02	0.02	0.01	0.01	0.12	0.04	0.02
Carolina de Brandeburgo-Ansbach	0.03	0.1	0.16	0.02	0.02	0.02	0.62	0.02	0.02	0.01
Dick Turpin	0.17	0.21	0.08	0.06	0.08	0.06	0.1	0.05	0.1	0.08
Federico III de Alemania	0.01	0.09	0.23	0.02	0.06	0.04	0.52	0.0	0.01	0.01
Sviatoslav I de Kiev	0.02	0.09	0.17	0.03	0.06	0.52	0.06	0.01	0.01	0.03
Pat Nixon	0.03	0.2	0.18	0.03	0.09	0.04	0.12	0.03	0.18	0.1
Amosis I	0.01	0.18	0.22	0.01	0.04	0.47	0.03	0.01	0.0	0.03
Charles Villiers Stanford	0.18	0.04	0.04	0.49	0.02	0.03	0.08	0.05	0.03	0.03
Bradley Joseph	0.09	0.07	0.06	0.12	0.07	0.04	0.06	0.32	0.07	0.11
Thomas R. Marshall	0.1	0.08	0.06	0.06	0.12	0.07	0.11	0.08	0.13	0.19
Dan Leno	0.28	0.18	0.18	0.04	0.01	0.01	0.05	0.1	0.14	0.01
El Greco	0.04	0.16	0.23	0.06	0.0	0.05	0.02	0.0	0.01	0.42
Felice Beato	0.07	0.08	0.21	0.03	0.04	0.07	0.05	0.02	0.02	0.42
Justo de Canterbury	0.04	0.04	0.19	0.03	0.02	0.6	0.03	0.01	0.01	0.02
Adolfo Farsari	0.07	0.09	0.25	0.05	0.01	0.02	0.02	0.04	0.02	0.45
Reese Witherspoon	0.05	0.15	0.16	0.01	0.01	0.0	0.01	0.08	0.5	0.03
L. Ron Hubbard	0.4	0.15	0.12	0.01	0.07	0.05	0.02	0.05	0.1	0.04
Nine Inch Nails	0.02	0.04	0.2	0.01	0.01	0.0	0.0	0.69	0.03	0.01
Elaine Paige	0.14	0.05	0.07	0.06	0.02	0.03	0.03	0.23	0.36	0.01
Jorge II de Gran Bretaña	0.01	0.06	0.18	0.01	0.03	0.04	0.64	0.01	0.01	0.01
Suleiman Kanuni	0.02	0.09	0.22	0.01	0.12	0.41	0.07	0.0	0.0	0.05
Antón Chéjov	0.16	0.2	0.14	0.3	0.03	0.03	0.03	0.01	0.05	0.04
H.D.	0.44	0.12	0.22	0.04	0.02	0.01	0.03	0.06	0.03	0.03
Art Ross	0.05	0.03	0.13	0.04	0.06	0.05	0.05	0.02	0.49	0.07
Nancy Reagan	0.02	0.2	0.27	0.01	0.04	0.0	0.03	0.03	0.31	0.08
Sarah Trimmer	0.59	0.12	0.21	0.01	0.01	0.01	0.02	0.01	0.01	0.01
John Millington Synge	0.43	0.12	0.18	0.13	0.02	0.03	0.03	0.02	0.04	0.01
Audioslave	0.02	0.07	0.23	0.02	0.01	0.01	0.0	0.61	0.03	0.01
Thomas Percy (conspirador)	0.05	0.1	0.2	0.02	0.06	0.09	0.33	0.03	0.03	0.08
Mozart en Italia	0.01	0.11	0.32	0.44	0.03	0.03	0.06	0.01	0.01	0.01
Joshua A. Norton	0.03	0.17	0.25	0.01	0.07	0.11	0.07	0.02	0.05	0.22
Bobby Robson	0.05	0.07	0.05	0.06	0.04	0.06	0.18	0.03	0.37	0.07
Caedmon	0.15	0.16	0.15	0.07	0.01	0.37	0.02	0.02	0.02	0.03
Beatriz del Reino Unido	0.03	0.07	0.09	0.02	0.04	0.03	0.64	0.03	0.01	0.04
Edward Elgar	0.08	0.12	0.21	0.48	0.01	0.01	0.04	0.03	0.02	0.01
Guillermo III de Inglaterra	0.01	0.04	0.23	0.01	0.04	0.05	0.59	0.0	0.01	0.01
Rudolf Caracciola	0.04	0.09	0.16	0.05	0.08	0.03	0.08	0.03	0.4	0.05
John Barbirolli	0.06	0.07	0.11	0.52	0.03	0.02	0.05	0.05	0.06	0.04
George Ledyard Stebbins	0.5	0.08	0.05	0.04	0.03	0.06	0.04	0.06	0.07	0.07
Joseph Johnson	0.55	0.09	0.26	0.01	0.02	0.01	0.02	0.01	0.01	0.02
Cosmo Gordon Lang	0.09	0.1	0.3	0.02	0.04	0.09	0.21	0.01	0.02	0.13
