Name	music	literature + other	orchestra	family life	church/royalty	sports	royalty	film/tv	politics	military
Frédéric III d'Allemagne	0.0	0.04	0.01	0.17	0.02	0.01	0.52	0.01	0.02	0.2
Alcibiade	0.05	0.34	0.09	0.05	0.1	0.05	0.08	0.07	0.08	0.08
Du Fu	0.03	0.22	0.14	0.27	0.05	0.04	0.06	0.05	0.04	0.1
John Frusciante	0.7	0.01	0.01	0.15	0.0	0.02	0.01	0.04	0.01	0.05
Helmut Lent	0.03	0.04	0.04	0.05	0.04	0.09	0.04	0.03	0.04	0.61
Colley Cibber	0.03	0.09	0.12	0.14	0.05	0.04	0.08	0.37	0.02	0.06
Bedřich Smetana	0.04	0.03	0.59	0.09	0.03	0.01	0.04	0.04	0.07	0.07
Rebecca Clarke	0.06	0.04	0.51	0.18	0.02	0.01	0.03	0.1	0.03	0.02
Sarah Churchill	0.01	0.02	0.01	0.2	0.02	0.01	0.56	0.03	0.03	0.13
Henri d'Uppsala	0.0	0.08	0.02	0.17	0.56	0.01	0.02	0.01	0.01	0.12
Wayne Gretzky	0.01	0.0	0.0	0.04	0.0	0.87	0.0	0.01	0.01	0.04
Urse d'Abbetot	0.01	0.04	0.04	0.14	0.55	0.02	0.06	0.02	0.02	0.09
Jimmy McAleer	0.05	0.03	0.03	0.06	0.02	0.5	0.04	0.04	0.12	0.11
Samuel Johnson	0.01	0.17	0.01	0.3	0.01	0.01	0.05	0.32	0.03	0.1
Olga Alexandrovna de Russie	0.01	0.07	0.11	0.12	0.02	0.04	0.42	0.04	0.13	0.04
Peter Evans (natation)	0.07	0.05	0.08	0.07	0.07	0.47	0.05	0.06	0.05	0.05
Edward Low	0.09	0.14	0.06	0.25	0.07	0.05	0.03	0.05	0.05	0.19
Rufus Griswold	0.02	0.09	0.02	0.24	0.01	0.02	0.06	0.39	0.02	0.12
Olivier Messiaen	0.03	0.08	0.65	0.06	0.02	0.02	0.04	0.02	0.01	0.07
Georgette Heyer	0.07	0.29	0.03	0.25	0.01	0.02	0.08	0.13	0.02	0.11
Paulin d'York	0.02	0.03	0.02	0.1	0.6	0.01	0.04	0.02	0.1	0.07
Bill Brown (cricket)	0.07	0.07	0.09	0.1	0.07	0.21	0.07	0.07	0.1	0.13
Æthelbald de Mercie	0.01	0.03	0.01	0.08	0.76	0.01	0.01	0.0	0.05	0.04
Roy Welensky	0.02	0.03	0.04	0.1	0.04	0.16	0.07	0.02	0.4	0.11
George Calvert	0.04	0.04	0.05	0.17	0.08	0.04	0.27	0.08	0.1	0.13
Ernest Shackleton	0.02	0.02	0.01	0.69	0.01	0.02	0.04	0.03	0.02	0.14
Honório Carneiro Leão	0.0	0.02	0.01	0.06	0.02	0.01	0.15	0.01	0.56	0.17
Guillaume III d'Orange-Nassau	0.01	0.02	0.01	0.03	0.03	0.01	0.52	0.02	0.19	0.16
Louis Alexandre de Battenberg	0.03	0.02	0.05	0.05	0.05	0.04	0.61	0.05	0.05	0.05
William Wilberforce	0.01	0.11	0.01	0.11	0.02	0.01	0.1	0.04	0.46	0.13
Benjamin Mountfort	0.08	0.09	0.18	0.09	0.1	0.08	0.08	0.1	0.08	0.12
Jack Warner	0.21	0.07	0.08	0.06	0.05	0.07	0.06	0.24	0.06	0.11
Mariano Rivera	0.06	0.01	0.03	0.05	0.01	0.7	0.01	0.02	0.03	0.08
Shen Kuo	0.01	0.47	0.04	0.22	0.03	0.01	0.01	0.01	0.07	0.13
Jarome Iginla	0.03	0.02	0.06	0.04	0.03	0.67	0.05	0.04	0.05	0.02
Soliman le Magnifique	0.01	0.06	0.02	0.09	0.37	0.01	0.05	0.02	0.14	0.22
Wail al-Shehri	0.14	0.06	0.13	0.07	0.11	0.1	0.07	0.1	0.06	0.16
Stanley Holloway	0.19	0.03	0.03	0.04	0.03	0.03	0.05	0.55	0.02	0.03
The Orb	0.72	0.01	0.02	0.13	0.0	0.01	0.0	0.02	0.01	0.06
Étienne d'Angleterre	0.0	0.01	0.01	0.16	0.48	0.01	0.14	0.0	0.02	0.19
Guillaume IV du Royaume-Uni	0.0	0.02	0.0	0.09	0.03	0.01	0.48	0.01	0.24	0.11
Nicky Barr	0.09	0.06	0.06	0.11	0.06	0.22	0.09	0.07	0.06	0.17
Périclès	0.0	0.38	0.01	0.19	0.1	0.01	0.03	0.01	0.04	0.22
Théramène	0.04	0.25	0.04	0.1	0.06	0.1	0.1	0.05	0.12	0.13
Sigi Schmid	0.07	0.03	0.04	0.04	0.03	0.5	0.03	0.09	0.07	0.09
Vidkun Quisling	0.02	0.04	0.03	0.22	0.02	0.02	0.1	0.03	0.12	0.41
William Brill	0.02	0.02	0.02	0.13	0.03	0.08	0.02	0.02	0.02	0.64
John Wark	0.02	0.01	0.01	0.12	0.01	0.71	0.02	0.02	0.01	0.08
Elizabeth Bowes-Lyon	0.02	0.02	0.04	0.08	0.04	0.02	0.58	0.05	0.04	0.13
Natalie Clifford Barney	0.02	0.12	0.11	0.19	0.02	0.03	0.07	0.3	0.07	0.07
Percy Grainger	0.14	0.03	0.39	0.1	0.02	0.02	0.04	0.16	0.03	0.07
Ernest Joyce	0.01	0.01	0.01	0.76	0.01	0.05	0.02	0.02	0.01	0.1
Rutherford Birchard Hayes	0.0	0.01	0.0	0.07	0.0	0.02	0.02	0.02	0.7	0.14
Anne de Danemark	0.04	0.04	0.04	0.15	0.06	0.03	0.47	0.04	0.03	0.08
Duncan Edwards	0.02	0.02	0.04	0.18	0.02	0.52	0.03	0.03	0.02	0.12
Alice de Battenberg	0.0	0.03	0.01	0.21	0.02	0.01	0.52	0.01	0.02	0.18
Alexander Cameron Rutherford	0.11	0.08	0.11	0.08	0.08	0.13	0.09	0.09	0.13	0.11
Aldfrith de Northumbrie	0.0	0.05	0.01	0.11	0.63	0.01	0.03	0.02	0.06	0.08
Mary Anning	0.02	0.17	0.05	0.43	0.03	0.02	0.06	0.13	0.02	0.08
Mario Vargas Llosa	0.02	0.36	0.08	0.16	0.02	0.04	0.07	0.05	0.09	0.1
Dioclétien	0.01	0.04	0.01	0.13	0.47	0.01	0.05	0.01	0.03	0.24
Witold Pilecki	0.01	0.03	0.03	0.11	0.02	0.03	0.01	0.02	0.13	0.61
Hugh Trumble	0.1	0.05	0.09	0.06	0.06	0.37	0.06	0.06	0.07	0.08
Thomas Blamey	0.01	0.01	0.01	0.14	0.01	0.02	0.03	0.03	0.08	0.64
Jacques Ier d'Angleterre	0.01	0.06	0.02	0.17	0.07	0.01	0.47	0.02	0.02	0.16
Nikolaï Rimski-Korsakov	0.01	0.06	0.54	0.21	0.01	0.01	0.02	0.01	0.02	0.1
Jay Chou	0.33	0.09	0.09	0.1	0.07	0.04	0.02	0.15	0.06	0.05
Faryl Smith	0.23	0.08	0.13	0.1	0.06	0.06	0.06	0.13	0.08	0.08
Yagan (Australie)	0.08	0.07	0.12	0.08	0.11	0.09	0.12	0.08	0.11	0.15
Nick Adenhart	0.06	0.04	0.03	0.1	0.04	0.5	0.03	0.07	0.04	0.09
Pie XII	0.01	0.37	0.02	0.12	0.06	0.01	0.03	0.01	0.06	0.32
Paul Kane	0.06	0.06	0.34	0.14	0.03	0.12	0.03	0.07	0.12	0.04
Stamáta Revíthi	0.03	0.09	0.01	0.2	0.05	0.24	0.08	0.02	0.06	0.2
Oliver Wendell Holmes	0.11	0.14	0.08	0.08	0.06	0.06	0.08	0.1	0.16	0.13
Manuel Ier Comnène	0.0	0.03	0.01	0.16	0.41	0.01	0.06	0.0	0.03	0.29
Ulrich Zwingli	0.0	0.45	0.02	0.11	0.06	0.01	0.04	0.0	0.11	0.2
Wesley Clark	0.03	0.04	0.01	0.09	0.01	0.04	0.01	0.03	0.43	0.32
Harmon Killebrew	0.07	0.02	0.05	0.04	0.04	0.59	0.05	0.05	0.05	0.05
Stede Bonnet	0.08	0.02	0.03	0.23	0.08	0.12	0.1	0.06	0.06	0.2
Sebastian Shaw (acteur)	0.15	0.06	0.08	0.1	0.06	0.06	0.07	0.26	0.07	0.07
Dominik Hašek	0.01	0.0	0.01	0.04	0.01	0.87	0.01	0.01	0.01	0.03
Æthelberht de Kent	0.01	0.04	0.02	0.12	0.6	0.03	0.04	0.02	0.03	0.1
Augustin de Cantorbéry	0.03	0.09	0.03	0.09	0.53	0.03	0.05	0.01	0.02	0.12
The Smashing Pumpkins	0.68	0.01	0.04	0.13	0.01	0.02	0.01	0.04	0.01	0.05
Benjamin Harrison	0.01	0.03	0.01	0.06	0.0	0.02	0.03	0.01	0.69	0.13
Harry Murray	0.05	0.08	0.08	0.14	0.08	0.07	0.08	0.06	0.08	0.29
Helena du Royaume-Uni	0.04	0.04	0.05	0.05	0.04	0.04	0.56	0.06	0.05	0.06
Witold Lutosławski	0.04	0.03	0.59	0.05	0.03	0.03	0.06	0.03	0.06	0.08
Thibaut du Bec	0.0	0.01	0.0	0.09	0.62	0.0	0.08	0.0	0.06	0.13
James Joyce	0.02	0.18	0.08	0.32	0.01	0.02	0.04	0.24	0.02	0.07
Gustav Mahler	0.02	0.05	0.51	0.22	0.02	0.02	0.02	0.01	0.02	0.11
Martin Bucer	0.03	0.44	0.05	0.14	0.05	0.02	0.06	0.03	0.06	0.12
Honoré de Balzac	0.0	0.53	0.07	0.17	0.02	0.0	0.07	0.04	0.01	0.09
Wulfhere de Mercie	0.01	0.01	0.0	0.05	0.8	0.01	0.03	0.01	0.04	0.04
Beatrice du Royaume-Uni	0.01	0.03	0.03	0.24	0.01	0.01	0.57	0.01	0.02	0.09
Andrew Cunningham	0.04	0.06	0.06	0.19	0.07	0.03	0.04	0.06	0.09	0.36
William Goebel	0.05	0.05	0.05	0.14	0.1	0.09	0.09	0.05	0.25	0.11
Louise du Royaume-Uni (1848-1939)	0.03	0.03	0.03	0.1	0.07	0.1	0.41	0.08	0.1	0.04
Thomas Crisp	0.04	0.04	0.09	0.13	0.12	0.06	0.1	0.08	0.1	0.23
Anna d'Est-Anglie	0.01	0.04	0.01	0.09	0.7	0.02	0.05	0.02	0.01	0.07
CM Punk	0.12	0.01	0.0	0.06	0.01	0.66	0.01	0.05	0.01	0.07
Wallis Simpson	0.04	0.05	0.05	0.13	0.03	0.02	0.42	0.08	0.11	0.07
Marcus Hanna	0.08	0.07	0.08	0.12	0.1	0.08	0.07	0.12	0.21	0.07
Alexandre de Lincoln	0.01	0.03	0.01	0.09	0.63	0.01	0.07	0.01	0.01	0.14
Thomas Cranmer	0.01	0.29	0.01	0.06	0.07	0.0	0.2	0.02	0.17	0.17
Grégoire de Nazianze	0.01	0.47	0.01	0.18	0.16	0.01	0.02	0.01	0.01	0.13
Karl Aloys zu Fürstenberg	0.06	0.11	0.14	0.05	0.06	0.06	0.16	0.06	0.1	0.19
William Gibson	0.21	0.18	0.02	0.14	0.01	0.03	0.03	0.29	0.03	0.07
Paul Collingwood	0.07	0.05	0.05	0.05	0.05	0.51	0.06	0.07	0.04	0.05
Georg Solti	0.06	0.03	0.58	0.08	0.03	0.06	0.02	0.02	0.02	0.1
Angus Lewis Macdonald	0.07	0.09	0.09	0.11	0.1	0.09	0.11	0.07	0.13	0.14
George F. Kennan	0.03	0.08	0.06	0.14	0.02	0.02	0.04	0.04	0.32	0.24
Judy Garland	0.16	0.01	0.05	0.15	0.01	0.04	0.03	0.47	0.04	0.05
Albert Chandler	0.04	0.02	0.01	0.13	0.01	0.19	0.02	0.1	0.35	0.16
Piotr Ilitch Tchaïkovski	0.03	0.06	0.53	0.21	0.01	0.01	0.06	0.02	0.01	0.07
Luc Bourdon (hockey sur glace)	0.01	0.01	0.02	0.1	0.02	0.73	0.03	0.01	0.02	0.04
Joseph Barbera	0.07	0.02	0.02	0.18	0.01	0.06	0.02	0.48	0.05	0.08
Ieoh Ming Pei	0.08	0.07	0.19	0.06	0.05	0.11	0.04	0.17	0.18	0.06
Albert Victor de Galles	0.02	0.03	0.01	0.1	0.03	0.02	0.54	0.05	0.1	0.11
Mary de Teck	0.01	0.03	0.02	0.11	0.02	0.01	0.65	0.01	0.06	0.09
Trevor Linden	0.01	0.0	0.01	0.04	0.01	0.86	0.01	0.01	0.01	0.04
Peter Heywood	0.03	0.04	0.02	0.37	0.04	0.03	0.06	0.14	0.15	0.12
Jocelin	0.01	0.03	0.01	0.11	0.58	0.01	0.03	0.04	0.09	0.1
Frank Zappa	0.5	0.04	0.1	0.16	0.01	0.02	0.01	0.06	0.03	0.05
Ernest-Auguste Ier de Hanovre	0.01	0.02	0.01	0.07	0.02	0.01	0.6	0.01	0.09	0.15
Pierre Rossier	0.01	0.05	0.06	0.61	0.01	0.02	0.05	0.02	0.04	0.11
Ayumi Hamasaki	0.54	0.02	0.04	0.19	0.02	0.03	0.01	0.07	0.03	0.05
Richard Gavin Reid	0.13	0.09	0.07	0.08	0.07	0.16	0.14	0.07	0.11	0.09
Elliott Smith	0.54	0.02	0.04	0.2	0.01	0.02	0.01	0.06	0.02	0.07
Harry McNish	0.01	0.02	0.01	0.72	0.01	0.03	0.03	0.03	0.02	0.12
Ronald Niel Stuart	0.06	0.06	0.07	0.15	0.05	0.06	0.08	0.1	0.13	0.23
Mark Tonelli	0.11	0.07	0.08	0.06	0.06	0.28	0.06	0.06	0.13	0.08
Édouard VIII du Royaume-Uni	0.01	0.03	0.01	0.09	0.02	0.01	0.46	0.03	0.14	0.2
James Nesbitt	0.14	0.02	0.03	0.06	0.01	0.06	0.01	0.6	0.04	0.02
Bert Trautmann	0.02	0.01	0.01	0.21	0.02	0.46	0.02	0.02	0.02	0.22
Ethan Hawke	0.15	0.03	0.02	0.03	0.01	0.04	0.02	0.68	0.02	0.01
Harriet Bosse	0.07	0.1	0.18	0.06	0.05	0.05	0.18	0.13	0.08	0.09
Ban Ki-moon	0.04	0.03	0.03	0.12	0.03	0.06	0.03	0.06	0.29	0.31
John J. Crittenden	0.09	0.06	0.09	0.06	0.07	0.07	0.09	0.06	0.33	0.07
Attale Ier	0.03	0.09	0.04	0.1	0.36	0.06	0.17	0.02	0.04	0.09
Caroline d'Ansbach	0.01	0.04	0.01	0.18	0.02	0.01	0.61	0.01	0.01	0.09
Sex Pistols	0.55	0.02	0.02	0.15	0.02	0.02	0.03	0.08	0.01	0.11
Bill Ponsford	0.01	0.03	0.03	0.07	0.03	0.67	0.07	0.03	0.02	0.06
George Macaulay	0.11	0.06	0.06	0.06	0.08	0.27	0.11	0.06	0.09	0.09
Édouard III d'Angleterre	0.0	0.02	0.01	0.13	0.11	0.01	0.42	0.01	0.02	0.28
Oswald Watt	0.06	0.05	0.03	0.09	0.12	0.17	0.08	0.03	0.05	0.32
Wilfred Rhodes	0.08	0.07	0.06	0.06	0.12	0.32	0.07	0.06	0.06	0.1
Masako Katsura	0.1	0.11	0.06	0.08	0.08	0.17	0.19	0.06	0.07	0.08
John Whittle	0.06	0.01	0.02	0.15	0.01	0.03	0.03	0.06	0.03	0.62
Georges Ier de Grèce	0.0	0.02	0.01	0.15	0.05	0.01	0.5	0.01	0.03	0.23
Preity Zinta	0.03	0.01	0.02	0.11	0.01	0.03	0.03	0.7	0.01	0.06
Ina de Wessex	0.01	0.04	0.01	0.12	0.66	0.01	0.01	0.01	0.06	0.08
Harry Chauvel	0.07	0.09	0.06	0.06	0.07	0.06	0.07	0.07	0.06	0.4
Fridtjof Nansen	0.01	0.03	0.02	0.65	0.02	0.02	0.05	0.01	0.03	0.16
Virginia Poe	0.0	0.05	0.01	0.24	0.01	0.01	0.11	0.34	0.1	0.11
Francis Tresham	0.08	0.07	0.07	0.08	0.1	0.1	0.21	0.08	0.08	0.11
George V du Royaume-Uni	0.02	0.03	0.03	0.13	0.02	0.03	0.54	0.03	0.07	0.1
Noël Coward	0.16	0.02	0.05	0.05	0.02	0.03	0.02	0.63	0.01	0.01
Sandy Koufax	0.07	0.04	0.08	0.06	0.03	0.45	0.04	0.1	0.02	0.12
David Lewis (homme politique)	0.08	0.06	0.08	0.06	0.08	0.1	0.08	0.07	0.3	0.1
Nikita Filatov	0.05	0.01	0.06	0.02	0.01	0.68	0.03	0.02	0.05	0.05
Ramón Emeterio Betances	0.02	0.34	0.03	0.12	0.02	0.01	0.04	0.01	0.2	0.21
KaDee Strickland	0.06	0.02	0.04	0.11	0.01	0.06	0.02	0.58	0.02	0.08
Chinua Achebe	0.08	0.22	0.03	0.15	0.03	0.04	0.02	0.19	0.05	0.17
Olga Nikolaïevna de Russie (1895-1918)	0.01	0.05	0.04	0.21	0.01	0.01	0.45	0.02	0.02	0.17
José Maria da Silva Paranhos	0.03	0.07	0.09	0.06	0.03	0.06	0.16	0.06	0.25	0.18
David Ier d'Écosse	0.0	0.02	0.01	0.16	0.53	0.01	0.12	0.01	0.01	0.12
James Russell Lowell	0.01	0.15	0.07	0.22	0.01	0.04	0.04	0.25	0.11	0.09
Bob Dylan	0.45	0.07	0.06	0.18	0.01	0.02	0.01	0.11	0.02	0.06
Egbert de Wessex	0.01	0.03	0.01	0.11	0.72	0.01	0.03	0.01	0.02	0.05
Carrière militaire de Hugo Chávez	0.01	0.06	0.02	0.2	0.02	0.02	0.01	0.02	0.26	0.38
Pedro Álvares Cabral	0.01	0.04	0.01	0.25	0.3	0.01	0.07	0.0	0.09	0.22
Hastings Lionel Ismay	0.04	0.05	0.06	0.09	0.04	0.05	0.23	0.05	0.15	0.23
Damon Hill	0.04	0.01	0.01	0.14	0.0	0.58	0.02	0.03	0.01	0.15
Susianna Kentikian	0.09	0.05	0.09	0.09	0.07	0.23	0.05	0.15	0.04	0.13
George McClellan	0.03	0.03	0.01	0.18	0.01	0.02	0.01	0.1	0.31	0.31
Don Tallon	0.05	0.03	0.02	0.07	0.02	0.61	0.05	0.03	0.03	0.08
Robert Catesby	0.05	0.1	0.05	0.12	0.11	0.04	0.28	0.05	0.09	0.11
Cillian Murphy	0.12	0.02	0.02	0.03	0.03	0.08	0.02	0.61	0.02	0.05
William Longchamp	0.01	0.03	0.01	0.09	0.41	0.01	0.19	0.03	0.13	0.09
Wally Hammond	0.1	0.07	0.1	0.07	0.12	0.2	0.09	0.09	0.09	0.07
Pierre II du Brésil	0.0	0.08	0.02	0.25	0.02	0.01	0.3	0.01	0.08	0.23
Charlie Macartney	0.07	0.06	0.05	0.05	0.05	0.44	0.07	0.08	0.06	0.05
Mark Kerry	0.07	0.06	0.08	0.09	0.07	0.37	0.07	0.07	0.06	0.07
Paul Nobuo Tatsuguchi	0.02	0.05	0.01	0.3	0.03	0.01	0.02	0.04	0.09	0.43
Tiridate Ier d'Arménie	0.01	0.03	0.03	0.16	0.49	0.01	0.05	0.01	0.02	0.19
Alice in Chains	0.69	0.01	0.02	0.14	0.01	0.02	0.01	0.04	0.01	0.06
George Gossip	0.03	0.04	0.14	0.14	0.03	0.09	0.03	0.26	0.1	0.13
Pearl Jam	0.69	0.02	0.02	0.12	0.01	0.02	0.01	0.03	0.02	0.05
Charles II d'Angleterre	0.01	0.02	0.01	0.12	0.07	0.01	0.52	0.03	0.04	0.16
Ian O'Brien	0.13	0.08	0.09	0.09	0.05	0.28	0.08	0.05	0.05	0.1
Coenwulf de Mercie	0.01	0.03	0.01	0.09	0.66	0.01	0.03	0.01	0.06	0.11
Joseph Szigeti	0.04	0.05	0.51	0.14	0.03	0.02	0.05	0.05	0.06	0.05
Ambrose Rookwood	0.09	0.09	0.07	0.09	0.13	0.07	0.2	0.09	0.07	0.11
Anna May Wong	0.08	0.06	0.04	0.05	0.02	0.01	0.02	0.56	0.09	0.06
Nancy Reagan	0.09	0.03	0.04	0.08	0.02	0.04	0.12	0.43	0.08	0.08
Steve Bruce	0.02	0.0	0.0	0.12	0.0	0.69	0.01	0.01	0.01	0.12
Ahmôsis Ier	0.0	0.06	0.02	0.22	0.5	0.01	0.03	0.01	0.01	0.14
Clements Markham	0.03	0.07	0.04	0.37	0.02	0.03	0.08	0.21	0.07	0.07
Georges Bizet	0.02	0.06	0.55	0.15	0.01	0.01	0.08	0.03	0.01	0.07
Theoren Fleury	0.03	0.01	0.02	0.05	0.02	0.71	0.02	0.03	0.02	0.09
William S. Gilbert	0.14	0.04	0.11	0.04	0.04	0.05	0.09	0.43	0.04	0.04
Michael Balzary	0.67	0.02	0.03	0.08	0.0	0.02	0.01	0.11	0.02	0.03
Thomas le Slave	0.0	0.03	0.01	0.16	0.47	0.01	0.03	0.01	0.01	0.29
Nikita Khrouchtchev	0.01	0.03	0.02	0.09	0.01	0.01	0.01	0.01	0.57	0.26
Charles Atangana	0.12	0.08	0.12	0.11	0.08	0.08	0.11	0.11	0.08	0.12
Steve Dodd	0.15	0.09	0.07	0.09	0.08	0.11	0.07	0.15	0.08	0.11
Sadruddin Aga Khan	0.07	0.06	0.12	0.08	0.13	0.07	0.14	0.13	0.06	0.13
Józef Piłsudski	0.0	0.04	0.02	0.04	0.02	0.01	0.04	0.01	0.51	0.32
Thomas C. Kinkaid	0.14	0.08	0.09	0.09	0.09	0.13	0.08	0.08	0.08	0.14
Diane Keaton	0.07	0.02	0.02	0.18	0.01	0.04	0.01	0.59	0.0	0.05
Francis Harvey	0.06	0.05	0.05	0.14	0.05	0.11	0.1	0.07	0.08	0.29
Joy Division	0.67	0.02	0.03	0.08	0.01	0.02	0.01	0.05	0.01	0.1
Frank Klepacki	0.65	0.02	0.03	0.03	0.03	0.04	0.03	0.11	0.02	0.04
Ceawlin	0.03	0.04	0.02	0.13	0.62	0.04	0.03	0.02	0.02	0.06
R.E.M.	0.63	0.03	0.01	0.17	0.01	0.01	0.01	0.03	0.04	0.07
Épaminondas	0.01	0.15	0.01	0.18	0.22	0.02	0.05	0.02	0.05	0.29
Alboïn	0.02	0.06	0.07	0.06	0.46	0.05	0.08	0.03	0.05	0.12
Gwen Stefani	0.55	0.02	0.03	0.14	0.0	0.01	0.02	0.1	0.01	0.1
Clarence Decatur Howe	0.04	0.05	0.04	0.07	0.04	0.12	0.06	0.07	0.39	0.13
Kathleen Ferrier	0.07	0.01	0.44	0.23	0.01	0.02	0.04	0.06	0.02	0.1
Æthelred Ier de Mercie	0.04	0.04	0.06	0.07	0.53	0.04	0.06	0.04	0.04	0.07
Heinrich Bär	0.08	0.07	0.08	0.08	0.08	0.08	0.08	0.14	0.07	0.23
Giovanni Villani	0.02	0.47	0.05	0.13	0.13	0.02	0.04	0.02	0.01	0.11
Sylvanus Morley	0.08	0.33	0.06	0.11	0.06	0.04	0.05	0.06	0.12	0.09
Mário de Andrade	0.05	0.27	0.25	0.09	0.03	0.04	0.13	0.07	0.04	0.04
Rachel Carson	0.05	0.18	0.01	0.19	0.0	0.01	0.01	0.16	0.27	0.12
Offa de Mercie	0.04	0.05	0.03	0.1	0.47	0.05	0.12	0.03	0.05	0.07
Rush (groupe)	0.68	0.04	0.02	0.13	0.01	0.03	0.01	0.01	0.02	0.05
Thomas de Bayeux	0.06	0.07	0.06	0.08	0.28	0.07	0.11	0.11	0.07	0.09
William Henry Lane	0.08	0.1	0.19	0.16	0.05	0.08	0.04	0.09	0.12	0.1
Rudolph Cartier	0.09	0.05	0.06	0.11	0.04	0.06	0.08	0.36	0.06	0.09
Albert de Saxe-Cobourg-Gotha	0.02	0.04	0.04	0.13	0.02	0.03	0.5	0.02	0.08	0.13
Eduard Streltsov	0.02	0.04	0.07	0.08	0.02	0.49	0.02	0.02	0.11	0.14
Daniel Sedin	0.02	0.02	0.03	0.04	0.02	0.74	0.02	0.04	0.03	0.04
Juste de Cantorbéry	0.03	0.05	0.03	0.05	0.67	0.03	0.01	0.02	0.06	0.03
Selena	0.42	0.03	0.07	0.18	0.01	0.05	0.05	0.1	0.05	0.05
Frederick Delius	0.1	0.01	0.67	0.04	0.01	0.03	0.01	0.11	0.02	0.01
Karmichael Hunt	0.04	0.04	0.03	0.07	0.04	0.61	0.05	0.05	0.03	0.05
Richard II d'Angleterre	0.01	0.02	0.01	0.21	0.14	0.01	0.38	0.01	0.01	0.19
Bart King	0.1	0.06	0.06	0.08	0.09	0.22	0.08	0.12	0.12	0.08
Slayer	0.68	0.03	0.02	0.1	0.0	0.02	0.01	0.02	0.02	0.11
Gautier de Coutances	0.01	0.03	0.02	0.08	0.47	0.03	0.14	0.02	0.03	0.17
Bill Russell	0.01	0.01	0.0	0.14	0.01	0.69	0.01	0.02	0.02	0.09
Bob Meusel	0.02	0.02	0.02	0.09	0.02	0.61	0.01	0.08	0.03	0.1
Richard Hawes	0.11	0.07	0.1	0.08	0.07	0.07	0.11	0.08	0.22	0.08
Bernard Fanning	0.19	0.09	0.11	0.09	0.08	0.11	0.08	0.08	0.08	0.09
George Fox	0.01	0.32	0.0	0.21	0.03	0.01	0.09	0.03	0.11	0.19
Maximien Hercule	0.0	0.02	0.01	0.16	0.5	0.01	0.03	0.01	0.01	0.25
Phil Hartman	0.16	0.02	0.05	0.08	0.03	0.08	0.02	0.48	0.03	0.05
Mohammed Abdul Karim	0.01	0.04	0.01	0.29	0.01	0.01	0.4	0.02	0.04	0.18
Tom Pryce	0.02	0.02	0.05	0.07	0.02	0.59	0.04	0.07	0.03	0.09
Benjamin Morrell	0.03	0.07	0.03	0.46	0.07	0.04	0.05	0.05	0.12	0.08
Ian Chappell	0.1	0.03	0.03	0.04	0.04	0.48	0.05	0.08	0.05	0.08
Brian Horrocks	0.05	0.02	0.05	0.04	0.03	0.03	0.13	0.08	0.06	0.5
Ann Bannon	0.12	0.11	0.07	0.08	0.08	0.08	0.08	0.19	0.08	0.1
Joe Sakic	0.03	0.01	0.01	0.07	0.01	0.82	0.01	0.01	0.01	0.04
Siméon Ier de Bulgarie	0.01	0.04	0.02	0.06	0.5	0.01	0.05	0.01	0.09	0.23
Gerald Ford	0.03	0.02	0.01	0.07	0.01	0.05	0.02	0.11	0.52	0.17
Richard Hakluyt	0.02	0.11	0.02	0.09	0.07	0.01	0.07	0.52	0.06	0.03
Thrasybule (Athènes)	0.03	0.19	0.02	0.13	0.18	0.08	0.04	0.02	0.06	0.25
Russell T Davies	0.16	0.07	0.05	0.1	0.05	0.07	0.04	0.37	0.03	0.06
Ælle de Sussex	0.03	0.03	0.02	0.23	0.51	0.02	0.01	0.01	0.02	0.11
André Kertész	0.04	0.15	0.21	0.22	0.04	0.04	0.03	0.11	0.05	0.12
Cædmon	0.02	0.16	0.13	0.14	0.36	0.01	0.02	0.04	0.02	0.08
William Calcraft	0.07	0.11	0.14	0.14	0.08	0.07	0.13	0.08	0.1	0.07
Barthélemy Boganda	0.01	0.27	0.01	0.14	0.02	0.01	0.05	0.0	0.15	0.34
Kevin Pietersen	0.07	0.05	0.09	0.08	0.05	0.38	0.05	0.08	0.07	0.08
Arthur Lewis Sifton	0.08	0.08	0.08	0.08	0.1	0.16	0.11	0.08	0.14	0.1
George Washington Dixon	0.18	0.11	0.08	0.1	0.08	0.08	0.1	0.08	0.1	0.08
Godsmack	0.77	0.03	0.01	0.06	0.01	0.02	0.02	0.03	0.02	0.03
Ima Hogg	0.03	0.12	0.06	0.14	0.04	0.03	0.02	0.31	0.2	0.05
Nancy Cartwright (actrice)	0.14	0.04	0.01	0.07	0.02	0.03	0.01	0.63	0.01	0.05
Roderic Dallas	0.07	0.07	0.08	0.07	0.08	0.18	0.13	0.08	0.08	0.14
Winfield Scott Hancock	0.02	0.02	0.01	0.05	0.01	0.02	0.01	0.05	0.58	0.25
William Henry Harrison	0.01	0.02	0.0	0.06	0.01	0.01	0.01	0.02	0.68	0.17
Tool	0.63	0.06	0.05	0.12	0.01	0.01	0.01	0.04	0.02	0.04
Franklin Knight Lane	0.1	0.07	0.09	0.09	0.09	0.07	0.13	0.12	0.15	0.07
Tiny Thompson	0.02	0.01	0.02	0.04	0.01	0.84	0.01	0.01	0.01	0.04
William Hanna	0.14	0.03	0.08	0.07	0.04	0.04	0.04	0.49	0.03	0.03
Edward Drinker Cope	0.05	0.16	0.05	0.21	0.02	0.04	0.04	0.3	0.1	0.04
Roman Vishniac	0.02	0.25	0.05	0.36	0.01	0.02	0.01	0.08	0.05	0.15
William Walton	0.08	0.05	0.49	0.11	0.02	0.02	0.07	0.11	0.03	0.03
Uriel Sebree	0.08	0.08	0.09	0.14	0.06	0.09	0.08	0.07	0.16	0.15
Ernie Fletcher	0.03	0.09	0.07	0.06	0.04	0.08	0.05	0.04	0.45	0.11
Frank McNamara	0.05	0.05	0.05	0.05	0.05	0.08	0.06	0.04	0.09	0.49
Harriet Arbuthnot	0.01	0.04	0.03	0.31	0.02	0.02	0.43	0.04	0.03	0.08
Motörhead	0.68	0.03	0.02	0.14	0.01	0.04	0.02	0.01	0.02	0.04
David Lovering	0.29	0.09	0.08	0.08	0.06	0.06	0.08	0.06	0.13	0.08
Maynard James Keenan	0.69	0.02	0.04	0.08	0.01	0.02	0.03	0.03	0.03	0.05
Abbas Kiarostami	0.04	0.32	0.04	0.23	0.01	0.02	0.01	0.24	0.01	0.09
Nick Drake	0.42	0.02	0.07	0.3	0.01	0.02	0.02	0.04	0.02	0.08
Guillaume de Saint-Calais	0.0	0.04	0.01	0.15	0.45	0.01	0.07	0.01	0.03	0.22
Charles Carroll le Colon	0.05	0.03	0.05	0.16	0.07	0.03	0.14	0.05	0.37	0.04
Anastasia Nikolaïevna de Russie	0.02	0.04	0.08	0.19	0.03	0.02	0.42	0.03	0.05	0.13
Shelton Benjamin	0.11	0.01	0.01	0.05	0.01	0.69	0.01	0.05	0.02	0.03
Siward de Northumbrie	0.04	0.05	0.05	0.07	0.4	0.05	0.16	0.06	0.05	0.06
Katie Holmes	0.11	0.03	0.03	0.02	0.01	0.08	0.03	0.66	0.02	0.02
Assassinat de William McKinley	0.02	0.03	0.01	0.3	0.01	0.02	0.01	0.02	0.35	0.23
William Cooley (colon)	0.09	0.09	0.06	0.06	0.09	0.11	0.1	0.14	0.11	0.14
Clem Hill	0.07	0.05	0.06	0.07	0.05	0.42	0.07	0.06	0.07	0.07
Lee Smith (baseball)	0.1	0.04	0.04	0.06	0.04	0.46	0.03	0.03	0.07	0.12
Thomas Percy (comploteur)	0.04	0.07	0.1	0.14	0.16	0.02	0.24	0.03	0.06	0.15
AC DC	0.72	0.01	0.01	0.13	0.01	0.02	0.01	0.03	0.0	0.05
The Wiggles	0.26	0.08	0.06	0.1	0.06	0.08	0.08	0.09	0.09	0.09
Wilfrid d'York	0.02	0.05	0.02	0.19	0.5	0.02	0.07	0.02	0.02	0.1
Werner Mölders	0.02	0.01	0.02	0.04	0.02	0.07	0.03	0.01	0.09	0.69
Radiohead	0.71	0.02	0.03	0.09	0.01	0.02	0.01	0.05	0.01	0.05
Jack Sheppard	0.07	0.07	0.08	0.07	0.07	0.12	0.1	0.13	0.1	0.19
Johann von Klenau	0.06	0.08	0.07	0.12	0.1	0.06	0.2	0.06	0.12	0.14
Zelda Fitzgerald	0.05	0.06	0.04	0.34	0.01	0.02	0.04	0.32	0.05	0.06
Lisa Gherardini	0.01	0.39	0.06	0.24	0.02	0.02	0.13	0.03	0.02	0.08
Isabella Augusta Gregory	0.07	0.14	0.09	0.11	0.09	0.05	0.11	0.21	0.05	0.1
James Blaine	0.02	0.06	0.02	0.05	0.01	0.07	0.04	0.03	0.57	0.13
Kate Bush	0.59	0.01	0.04	0.15	0.01	0.04	0.02	0.07	0.01	0.07
Cosmo Lang	0.09	0.08	0.1	0.08	0.19	0.08	0.13	0.06	0.09	0.09
Myles Standish	0.01	0.09	0.06	0.16	0.07	0.02	0.07	0.1	0.25	0.17
Solomon P. Sharp	0.07	0.08	0.08	0.08	0.09	0.08	0.08	0.08	0.28	0.09
Nathaniel Parker Willis	0.04	0.1	0.03	0.2	0.02	0.02	0.04	0.43	0.05	0.08
Marcus Trescothick	0.09	0.08	0.09	0.09	0.09	0.19	0.11	0.08	0.09	0.08
Herbert Greenfield	0.08	0.08	0.09	0.08	0.11	0.12	0.11	0.12	0.12	0.11
Pixies	0.64	0.03	0.02	0.11	0.01	0.02	0.01	0.03	0.07	0.06
William Bruce (architecte)	0.04	0.07	0.12	0.17	0.07	0.05	0.25	0.04	0.1	0.1
Mike Jackson	0.09	0.09	0.07	0.08	0.11	0.07	0.11	0.12	0.12	0.15
Sid Barnes	0.07	0.06	0.05	0.05	0.07	0.46	0.07	0.06	0.07	0.06
Stan Musial	0.05	0.03	0.03	0.03	0.08	0.61	0.04	0.03	0.06	0.04
Evelyn Waugh	0.09	0.1	0.03	0.16	0.02	0.02	0.07	0.39	0.05	0.08
Matthew Brettingham	0.06	0.07	0.14	0.14	0.11	0.09	0.09	0.1	0.07	0.13
Len Hutton	0.06	0.05	0.08	0.08	0.07	0.39	0.04	0.09	0.08	0.06
Edmund Sharpe	0.07	0.09	0.18	0.14	0.03	0.04	0.06	0.18	0.09	0.13
Hovhannes Bagramian	0.01	0.01	0.02	0.13	0.02	0.03	0.01	0.0	0.16	0.61
Murasaki Shikibu	0.04	0.42	0.07	0.12	0.04	0.02	0.11	0.04	0.03	0.11
Aspasie	0.01	0.4	0.02	0.19	0.09	0.02	0.04	0.04	0.06	0.12
Marie II d'Angleterre	0.02	0.04	0.03	0.04	0.04	0.02	0.57	0.04	0.11	0.1
Jacques II d'Angleterre	0.01	0.03	0.01	0.07	0.06	0.03	0.59	0.02	0.04	0.13
John Dee	0.03	0.49	0.05	0.16	0.03	0.01	0.05	0.04	0.04	0.1
Georg Forster	0.01	0.3	0.09	0.29	0.02	0.01	0.08	0.03	0.03	0.14
Nirvana (groupe)	0.7	0.01	0.01	0.11	0.01	0.01	0.01	0.06	0.04	0.05
Silverchair	0.64	0.04	0.02	0.03	0.03	0.04	0.03	0.1	0.04	0.03
Hod Stuart	0.02	0.02	0.02	0.12	0.01	0.68	0.02	0.02	0.01	0.07
Garret Hobart	0.09	0.05	0.05	0.07	0.08	0.05	0.05	0.09	0.36	0.09
Bill O'Reilly (cricket)	0.06	0.06	0.05	0.05	0.07	0.44	0.06	0.08	0.08	0.05
Charlotte Augusta de Galles	0.05	0.01	0.01	0.25	0.01	0.01	0.44	0.06	0.03	0.14
John Churchill (1er duc de Marlborough)	0.0	0.02	0.01	0.18	0.02	0.01	0.4	0.02	0.03	0.3
Thích Quảng Đức	0.12	0.13	0.3	0.09	0.03	0.03	0.03	0.03	0.09	0.14
Magic Johnson	0.02	0.01	0.02	0.06	0.01	0.78	0.01	0.07	0.01	0.01
Caspar David Friedrich	0.01	0.41	0.12	0.25	0.03	0.01	0.05	0.01	0.01	0.1
Lawrence Sullivan Ross	0.1	0.07	0.07	0.07	0.07	0.08	0.1	0.1	0.24	0.1
Tom Derrick	0.1	0.08	0.1	0.1	0.08	0.11	0.1	0.1	0.08	0.16
Jim Thorpe	0.04	0.04	0.03	0.17	0.01	0.51	0.03	0.07	0.05	0.05
Oengus Ier	0.02	0.03	0.01	0.06	0.7	0.02	0.02	0.01	0.04	0.09
Leo Ornstein	0.08	0.09	0.2	0.09	0.08	0.09	0.1	0.1	0.08	0.1
Victoria de Hesse-Darmstadt	0.02	0.04	0.02	0.05	0.04	0.03	0.61	0.02	0.08	0.1
Alexandre Banza	0.02	0.03	0.01	0.11	0.02	0.01	0.05	0.01	0.21	0.54
Hubert Walter	0.1	0.07	0.09	0.07	0.18	0.07	0.11	0.11	0.1	0.09
Olivia Shakespear	0.05	0.08	0.06	0.08	0.07	0.06	0.11	0.3	0.14	0.06
Constantin II d'Écosse	0.02	0.03	0.03	0.09	0.51	0.04	0.13	0.05	0.02	0.08
Joey Santiago	0.51	0.02	0.02	0.11	0.01	0.05	0.04	0.08	0.11	0.05
Wintjiya Napaltjarri	0.03	0.12	0.08	0.53	0.02	0.04	0.06	0.08	0.01	0.05
Martin Brodeur	0.01	0.01	0.0	0.04	0.01	0.89	0.01	0.01	0.01	0.02
Ray Emery	0.03	0.03	0.04	0.06	0.05	0.56	0.06	0.06	0.04	0.07
Leslie Richard Groves	0.09	0.03	0.07	0.12	0.03	0.07	0.05	0.12	0.17	0.24
Lazare Ponticelli	0.01	0.08	0.04	0.21	0.03	0.02	0.09	0.01	0.07	0.44
Miranda Otto	0.1	0.01	0.02	0.07	0.01	0.06	0.02	0.6	0.01	0.09
Tarrare	0.02	0.03	0.05	0.36	0.03	0.03	0.03	0.08	0.07	0.29
Alice Ayres	0.02	0.06	0.03	0.32	0.02	0.01	0.09	0.16	0.02	0.26
Beorhtwulf de Mercie	0.01	0.02	0.01	0.14	0.69	0.02	0.02	0.01	0.01	0.08
William Cragh	0.05	0.08	0.14	0.12	0.21	0.04	0.07	0.12	0.06	0.11
Jacques Plante (hockey sur glace)	0.03	0.06	0.05	0.07	0.03	0.52	0.07	0.04	0.04	0.1
Eardwulf de Northumbrie	0.01	0.03	0.01	0.1	0.68	0.01	0.01	0.01	0.06	0.09
Wilco	0.68	0.03	0.01	0.05	0.02	0.03	0.05	0.05	0.02	0.05
Bob Windle	0.03	0.01	0.01	0.15	0.01	0.67	0.01	0.03	0.02	0.06
Sydney Newman	0.05	0.07	0.02	0.25	0.01	0.07	0.01	0.33	0.06	0.13
Turc mécanique	0.02	0.08	0.02	0.25	0.01	0.06	0.05	0.36	0.02	0.14
Choe Bu	0.04	0.26	0.04	0.17	0.12	0.06	0.05	0.04	0.11	0.09
Isaac Brock	0.02	0.02	0.01	0.15	0.03	0.04	0.03	0.01	0.36	0.34
Rogers Hornsby	0.05	0.06	0.04	0.06	0.04	0.55	0.03	0.06	0.05	0.05
Hasekura Tsunenaga	0.01	0.36	0.0	0.3	0.09	0.01	0.03	0.01	0.04	0.15
Rudolf Wolters	0.08	0.07	0.08	0.07	0.07	0.07	0.07	0.06	0.09	0.37
Damageplan	0.41	0.05	0.1	0.06	0.05	0.06	0.03	0.07	0.09	0.07
Jovan Vladimir	0.01	0.06	0.03	0.08	0.47	0.01	0.08	0.03	0.09	0.15
Rudolf Vrba	0.01	0.06	0.07	0.16	0.03	0.04	0.01	0.02	0.04	0.56
Carsten Borchgrevink	0.02	0.04	0.01	0.64	0.01	0.02	0.03	0.02	0.09	0.12
Stephen Crane	0.08	0.1	0.02	0.13	0.03	0.03	0.07	0.46	0.06	0.02
Daniel Boone	0.01	0.06	0.01	0.17	0.02	0.0	0.02	0.05	0.54	0.1
Ion Heliade Rădulescu	0.06	0.25	0.12	0.1	0.07	0.08	0.08	0.07	0.1	0.06
Stereolab	0.54	0.03	0.08	0.05	0.02	0.03	0.05	0.13	0.05	0.04
Alain Prost	0.01	0.01	0.02	0.1	0.01	0.65	0.05	0.01	0.01	0.12
Roger Waters	0.59	0.03	0.03	0.12	0.02	0.03	0.01	0.07	0.01	0.11
Henry Wood (chef d'orchestre)	0.03	0.02	0.61	0.04	0.02	0.03	0.07	0.09	0.03	0.04
Simon Bolivar Buckner, Sr.	0.03	0.02	0.02	0.15	0.03	0.03	0.03	0.03	0.21	0.45
Roy Kilner	0.07	0.09	0.12	0.07	0.12	0.19	0.07	0.09	0.07	0.1
John Michael Wright	0.02	0.14	0.04	0.37	0.06	0.02	0.2	0.07	0.02	0.08
Adam Gilchrist	0.03	0.02	0.02	0.04	0.03	0.76	0.02	0.03	0.03	0.02
Henry Moore	0.03	0.07	0.11	0.51	0.01	0.03	0.05	0.1	0.02	0.07
Nigel Kneale	0.14	0.05	0.06	0.03	0.05	0.07	0.06	0.46	0.04	0.04
Moe Berg	0.07	0.07	0.09	0.15	0.03	0.21	0.04	0.09	0.12	0.12
Nicolo Giraud	0.03	0.11	0.05	0.2	0.06	0.04	0.08	0.31	0.06	0.08
Woodes Rogers	0.06	0.09	0.06	0.09	0.1	0.1	0.16	0.1	0.1	0.14
Minnie Pwerle	0.05	0.08	0.13	0.31	0.08	0.09	0.09	0.06	0.05	0.06
Domenico Selvo	0.01	0.02	0.01	0.18	0.48	0.01	0.04	0.01	0.04	0.21
William Burges	0.09	0.09	0.15	0.07	0.13	0.09	0.12	0.09	0.07	0.09
Édouard VI d'Angleterre	0.01	0.13	0.01	0.21	0.06	0.01	0.4	0.01	0.02	0.15
Satyajit Ray	0.02	0.09	0.06	0.26	0.01	0.03	0.02	0.42	0.01	0.09
Aldred	0.05	0.06	0.08	0.05	0.44	0.05	0.11	0.06	0.06	0.06
Adrian Boult	0.05	0.08	0.33	0.15	0.04	0.06	0.07	0.07	0.06	0.08
Wihtred de Kent	0.01	0.04	0.01	0.09	0.67	0.02	0.05	0.01	0.01	0.08
Albert Kesselring	0.0	0.02	0.01	0.04	0.02	0.01	0.02	0.01	0.19	0.68
Isaac Shelby	0.05	0.03	0.03	0.09	0.04	0.05	0.06	0.03	0.44	0.19
Maxime le Confesseur	0.01	0.42	0.03	0.06	0.23	0.02	0.03	0.01	0.07	0.12
Samantha Smith	0.03	0.08	0.02	0.22	0.02	0.02	0.05	0.07	0.31	0.18
Robert Falcon Scott	0.01	0.03	0.01	0.64	0.02	0.04	0.04	0.03	0.02	0.16
Tim Duncan	0.04	0.01	0.01	0.08	0.01	0.72	0.01	0.05	0.01	0.06
Thérèse-Christine de Bourbon-Siciles	0.01	0.04	0.02	0.29	0.01	0.01	0.48	0.01	0.02	0.12
Calvin Coolidge	0.02	0.03	0.01	0.08	0.01	0.01	0.02	0.03	0.67	0.13
Cenred de Mercie	0.02	0.04	0.01	0.08	0.73	0.01	0.02	0.01	0.04	0.05
Reese Witherspoon	0.16	0.01	0.01	0.04	0.01	0.04	0.01	0.66	0.03	0.03
Gilberto Silva	0.02	0.03	0.01	0.16	0.01	0.59	0.03	0.01	0.02	0.13
Strapping Young Lad	0.65	0.02	0.02	0.11	0.01	0.03	0.02	0.06	0.02	0.06
William T. Anderson	0.07	0.1	0.07	0.09	0.06	0.09	0.11	0.19	0.15	0.08
Ruby Laffoon	0.11	0.1	0.08	0.1	0.1	0.08	0.08	0.1	0.17	0.1
Ram Narayan	0.1	0.07	0.29	0.1	0.08	0.05	0.09	0.11	0.06	0.05
Elias Ashmole	0.04	0.23	0.07	0.12	0.07	0.04	0.13	0.08	0.1	0.12
Josquin des Prés	0.01	0.1	0.58	0.13	0.07	0.0	0.02	0.01	0.01	0.06
William O'Connell Bradley	0.1	0.1	0.08	0.1	0.08	0.1	0.08	0.1	0.18	0.08
Anton Tchekhov	0.0	0.15	0.35	0.31	0.0	0.01	0.02	0.03	0.02	0.1
William McGregor	0.01	0.02	0.02	0.21	0.03	0.39	0.04	0.02	0.1	0.15
Cædwalla	0.05	0.06	0.06	0.06	0.43	0.04	0.09	0.03	0.05	0.13
Ben Paschal	0.15	0.07	0.08	0.06	0.06	0.24	0.07	0.1	0.08	0.08
Vivien Leigh	0.04	0.02	0.09	0.1	0.01	0.01	0.06	0.54	0.06	0.07
Walter Model	0.01	0.02	0.02	0.1	0.02	0.03	0.04	0.01	0.07	0.68
Ed Stelmach	0.04	0.04	0.05	0.07	0.02	0.17	0.05	0.07	0.38	0.11
George II de Grande-Bretagne	0.01	0.01	0.01	0.07	0.02	0.01	0.54	0.01	0.2	0.12
Big Star	0.49	0.04	0.07	0.06	0.05	0.07	0.04	0.05	0.06	0.06
Harry Cobby	0.06	0.07	0.06	0.07	0.05	0.07	0.08	0.06	0.09	0.37
Guillaume de Corbeil	0.01	0.07	0.01	0.13	0.55	0.01	0.07	0.01	0.02	0.13
Alexandra de Danemark	0.02	0.01	0.02	0.13	0.03	0.02	0.65	0.04	0.02	0.07
Ernst Lindemann	0.03	0.03	0.05	0.15	0.02	0.03	0.07	0.02	0.12	0.48
Marie-Amélie du Brésil	0.01	0.03	0.03	0.22	0.02	0.0	0.57	0.01	0.02	0.09
George III du Royaume-Uni	0.01	0.02	0.01	0.05	0.03	0.01	0.5	0.02	0.21	0.15
Douglas Jardine	0.03	0.03	0.04	0.05	0.11	0.48	0.03	0.12	0.04	0.06
Guy Fawkes	0.03	0.05	0.02	0.13	0.04	0.03	0.34	0.09	0.08	0.19
Austin Nichols (acteur)	0.16	0.03	0.03	0.07	0.03	0.11	0.04	0.46	0.05	0.02
John Knox	0.03	0.29	0.03	0.1	0.1	0.03	0.23	0.04	0.05	0.1
Archie Jackson	0.02	0.01	0.01	0.21	0.01	0.61	0.02	0.03	0.01	0.07
Albert Speer (père)	0.01	0.07	0.02	0.12	0.01	0.02	0.01	0.01	0.21	0.52
Robert Peake le Vieux	0.05	0.12	0.15	0.12	0.15	0.06	0.15	0.05	0.07	0.07
Uncle Tupelo	0.33	0.07	0.08	0.08	0.09	0.07	0.07	0.08	0.07	0.08
Henrik Sedin	0.02	0.02	0.03	0.04	0.02	0.75	0.02	0.02	0.03	0.05
Catherine de Médicis	0.0	0.07	0.02	0.14	0.05	0.01	0.49	0.01	0.01	0.18
Bix Beiderbecke	0.23	0.02	0.42	0.08	0.02	0.02	0.02	0.09	0.02	0.06
Peter Jeffrey (militaire australien)	0.04	0.04	0.05	0.12	0.03	0.09	0.06	0.05	0.03	0.51
Art Houtteman	0.08	0.07	0.1	0.08	0.08	0.18	0.07	0.11	0.12	0.11
Alexis Bachelot	0.01	0.11	0.02	0.1	0.08	0.01	0.12	0.01	0.37	0.17
Arthur Morris	0.05	0.05	0.05	0.05	0.05	0.47	0.05	0.07	0.08	0.07
U2	0.64	0.01	0.02	0.14	0.0	0.03	0.01	0.05	0.01	0.09
Philétas	0.01	0.47	0.08	0.19	0.09	0.02	0.02	0.03	0.04	0.04
Stigand	0.01	0.02	0.01	0.11	0.61	0.01	0.08	0.01	0.03	0.11
George Moore	0.1	0.13	0.15	0.06	0.05	0.04	0.12	0.27	0.05	0.04
James Newland	0.05	0.05	0.05	0.14	0.05	0.09	0.07	0.06	0.09	0.37
Anna Laetitia Barbauld	0.02	0.39	0.02	0.12	0.01	0.01	0.04	0.26	0.08	0.07
Jean Calvin	0.01	0.49	0.01	0.09	0.04	0.0	0.06	0.0	0.14	0.15
S.H.E	0.5	0.04	0.05	0.07	0.03	0.05	0.02	0.15	0.07	0.03
The Kinks	0.62	0.02	0.02	0.16	0.01	0.01	0.01	0.05	0.01	0.09
Wiglaf de Mercie	0.01	0.01	0.01	0.14	0.71	0.02	0.02	0.0	0.01	0.08
Meshuggah	0.53	0.02	0.02	0.14	0.02	0.05	0.01	0.05	0.02	0.14
Ozzie Smith	0.09	0.07	0.04	0.07	0.05	0.45	0.06	0.07	0.06	0.06
Deusdedit de Cantorbéry	0.03	0.06	0.04	0.09	0.46	0.04	0.08	0.03	0.07	0.09
Rhys ap Gruffydd	0.02	0.03	0.33	0.06	0.24	0.04	0.13	0.02	0.06	0.06
Chrisye	0.13	0.08	0.19	0.11	0.06	0.08	0.11	0.06	0.1	0.08
William Butler Yeats	0.04	0.1	0.14	0.24	0.02	0.01	0.04	0.33	0.04	0.04
George Headley	0.02	0.02	0.02	0.07	0.01	0.69	0.05	0.04	0.02	0.05
Penda	0.01	0.02	0.0	0.11	0.69	0.01	0.01	0.0	0.05	0.1
Sabri al Banna	0.1	0.08	0.07	0.11	0.09	0.05	0.08	0.09	0.11	0.21
Chester Alan Arthur	0.01	0.02	0.0	0.06	0.0	0.01	0.02	0.02	0.74	0.12
Martha Layne Collins	0.11	0.09	0.08	0.08	0.08	0.09	0.09	0.14	0.15	0.09
Powderfinger	0.72	0.01	0.02	0.09	0.01	0.02	0.01	0.04	0.01	0.07
Joel Brand	0.04	0.07	0.04	0.12	0.07	0.03	0.04	0.06	0.1	0.43
Frank Black	0.72	0.03	0.04	0.08	0.0	0.01	0.02	0.04	0.01	0.04
Aaron Sorkin	0.13	0.04	0.04	0.05	0.02	0.13	0.01	0.49	0.06	0.03
William McKinley	0.01	0.02	0.0	0.07	0.01	0.01	0.01	0.01	0.69	0.16
Opeth	0.69	0.03	0.03	0.12	0.03	0.01	0.01	0.01	0.01	0.06
Sviatoslav Ier	0.04	0.04	0.1	0.11	0.34	0.07	0.09	0.04	0.09	0.07
Khalid al-Mihdhar	0.12	0.07	0.09	0.09	0.11	0.09	0.08	0.09	0.09	0.15
Michael Gomez	0.08	0.09	0.12	0.06	0.07	0.21	0.06	0.15	0.05	0.1
Alfred Russel Wallace	0.01	0.41	0.01	0.26	0.02	0.01	0.02	0.06	0.12	0.1
Sasha (disc jockey)	0.59	0.03	0.05	0.06	0.04	0.07	0.04	0.04	0.04	0.04
Jerry Voorhis	0.09	0.06	0.08	0.08	0.05	0.06	0.06	0.09	0.29	0.15
Æneas Mackintosh	0.02	0.01	0.01	0.72	0.01	0.04	0.02	0.02	0.01	0.15
Maggie Gyllenhaal	0.09	0.03	0.05	0.05	0.02	0.03	0.02	0.56	0.09	0.06
Thomas Beecham	0.04	0.06	0.5	0.12	0.03	0.03	0.05	0.07	0.04	0.07
Tōru Takemitsu	0.08	0.07	0.33	0.13	0.04	0.03	0.05	0.08	0.06	0.13
Howie Morenz	0.01	0.0	0.01	0.07	0.01	0.8	0.01	0.01	0.01	0.06
Katharine Hepburn	0.06	0.02	0.05	0.13	0.01	0.03	0.03	0.61	0.02	0.04
Eadbald de Kent	0.01	0.02	0.01	0.14	0.68	0.01	0.05	0.01	0.01	0.06
Alphège de Cantorbéry	0.02	0.04	0.04	0.07	0.6	0.02	0.03	0.02	0.02	0.13
Nikita Zotov	0.1	0.1	0.18	0.1	0.08	0.06	0.17	0.07	0.09	0.07
Lazar Lissitzky	0.07	0.09	0.24	0.22	0.02	0.02	0.02	0.07	0.11	0.14
John Millington Synge	0.01	0.14	0.15	0.19	0.04	0.02	0.05	0.25	0.09	0.06
Laurent de Cantorbéry	0.02	0.03	0.02	0.09	0.61	0.02	0.03	0.02	0.1	0.06
Héliogabale	0.03	0.12	0.05	0.11	0.34	0.02	0.13	0.05	0.04	0.1
Audioslave	0.64	0.01	0.03	0.04	0.01	0.12	0.01	0.04	0.03	0.05
Eric Bana	0.13	0.03	0.09	0.05	0.03	0.07	0.07	0.43	0.02	0.08
Georges Vézina	0.02	0.03	0.02	0.08	0.01	0.73	0.05	0.01	0.01	0.03
John Douglas (architecte)	0.1	0.07	0.07	0.09	0.1	0.09	0.1	0.12	0.1	0.16
Dmitri Chostakovitch	0.01	0.06	0.52	0.13	0.01	0.02	0.01	0.02	0.08	0.14
George IV du Royaume-Uni	0.01	0.02	0.01	0.1	0.01	0.0	0.55	0.02	0.17	0.11
Ellis Paul	0.36	0.06	0.09	0.05	0.06	0.07	0.04	0.17	0.05	0.05
Peter Jennings	0.12	0.05	0.04	0.13	0.04	0.12	0.03	0.29	0.06	0.14
Bryan Gunn	0.04	0.04	0.03	0.09	0.03	0.53	0.05	0.03	0.09	0.07
William Speirs Bruce	0.01	0.02	0.02	0.73	0.01	0.02	0.04	0.02	0.02	0.1
Thomas Crean	0.01	0.01	0.01	0.7	0.02	0.04	0.03	0.01	0.04	0.13
Luís Alves de Lima e Silva	0.01	0.04	0.02	0.07	0.08	0.04	0.13	0.02	0.33	0.25
Bruno Maddox	0.15	0.17	0.11	0.14	0.04	0.07	0.03	0.1	0.05	0.14
Dick Turpin	0.02	0.06	0.0	0.23	0.06	0.01	0.03	0.32	0.03	0.24
Áedan de Dalriada	0.03	0.02	0.01	0.05	0.66	0.03	0.07	0.01	0.05	0.07
Hygeberht	0.01	0.03	0.02	0.09	0.68	0.01	0.02	0.01	0.02	0.11
Pat Nixon	0.01	0.04	0.02	0.29	0.01	0.02	0.04	0.26	0.16	0.16
Richard Williams (officier australien)	0.02	0.01	0.01	0.18	0.01	0.07	0.02	0.04	0.07	0.57
Charles Villiers Stanford	0.07	0.03	0.58	0.05	0.03	0.02	0.05	0.13	0.02	0.02
Mozart en Italie	0.06	0.09	0.25	0.16	0.05	0.05	0.12	0.04	0.06	0.12
Bradley Joseph	0.34	0.05	0.14	0.07	0.04	0.06	0.04	0.16	0.05	0.04
Thomas R. Marshall	0.09	0.03	0.03	0.16	0.02	0.07	0.03	0.02	0.42	0.12
Harbhajan Singh	0.09	0.08	0.08	0.08	0.13	0.16	0.08	0.11	0.11	0.09
Mellitus	0.01	0.05	0.03	0.12	0.58	0.02	0.03	0.01	0.05	0.1
Waisale Serevi	0.03	0.02	0.01	0.13	0.01	0.69	0.03	0.01	0.01	0.07
El Greco	0.01	0.48	0.1	0.16	0.07	0.01	0.05	0.03	0.02	0.07
Bronwyn Bancroft	0.1	0.09	0.1	0.19	0.02	0.07	0.07	0.08	0.13	0.15
Felice Beato	0.03	0.07	0.03	0.54	0.05	0.01	0.04	0.04	0.08	0.11
Adolfo Farsari	0.05	0.09	0.05	0.57	0.01	0.01	0.01	0.02	0.11	0.07
Paul Stastny	0.04	0.04	0.04	0.04	0.04	0.66	0.05	0.03	0.03	0.04
George Ier de Grande-Bretagne	0.0	0.02	0.02	0.06	0.04	0.01	0.51	0.01	0.19	0.14
James Bowie	0.12	0.08	0.03	0.22	0.1	0.03	0.03	0.09	0.18	0.12
Basiliscus	0.01	0.04	0.01	0.13	0.53	0.02	0.04	0.0	0.02	0.21
Thorisind	0.02	0.02	0.66	0.02	0.13	0.02	0.03	0.02	0.03	0.04
L. Ron Hubbard	0.06	0.36	0.02	0.16	0.01	0.02	0.01	0.1	0.1	0.16
Baudouin de Forde	0.03	0.07	0.08	0.11	0.4	0.04	0.11	0.04	0.04	0.08
Nine Inch Nails	0.67	0.03	0.01	0.12	0.01	0.03	0.0	0.04	0.01	0.08
Lat	0.13	0.09	0.04	0.09	0.02	0.03	0.02	0.53	0.02	0.04
Rainilaiarivony	0.1	0.11	0.06	0.07	0.14	0.06	0.13	0.05	0.2	0.09
Elaine Paige	0.2	0.03	0.03	0.03	0.03	0.03	0.04	0.49	0.03	0.06
Domitien	0.01	0.05	0.02	0.18	0.43	0.02	0.05	0.01	0.03	0.2
Bette Davis	0.09	0.02	0.05	0.1	0.01	0.03	0.04	0.59	0.01	0.05
Ivan Aleksandre Asen	0.03	0.03	0.18	0.04	0.37	0.04	0.11	0.04	0.04	0.1
Démosthène	0.0	0.39	0.02	0.19	0.07	0.02	0.05	0.01	0.04	0.21
Hermann Detzner	0.09	0.09	0.11	0.12	0.06	0.08	0.07	0.06	0.08	0.24
Eric Brewer	0.07	0.04	0.06	0.06	0.04	0.47	0.05	0.07	0.08	0.06
H.D.	0.1	0.13	0.13	0.11	0.03	0.02	0.09	0.29	0.04	0.06
Art Ross	0.02	0.02	0.02	0.1	0.01	0.72	0.02	0.02	0.02	0.05
Charles Stewart	0.1	0.1	0.08	0.1	0.08	0.1	0.11	0.1	0.11	0.13
Sarah Trimmer	0.02	0.53	0.01	0.17	0.01	0.01	0.03	0.14	0.01	0.07
Ladislas II Jagellon	0.03	0.04	0.11	0.05	0.08	0.04	0.33	0.05	0.17	0.09
Arthur Ernest Percival	0.01	0.02	0.01	0.1	0.03	0.02	0.04	0.04	0.31	0.43
George W. Romney	0.02	0.03	0.02	0.16	0.03	0.06	0.07	0.1	0.44	0.07
Joshua Norton	0.02	0.13	0.01	0.24	0.07	0.02	0.07	0.04	0.25	0.16
Charles Holden	0.07	0.09	0.21	0.06	0.07	0.04	0.05	0.11	0.11	0.17
Bobby Robson	0.02	0.01	0.0	0.14	0.01	0.65	0.02	0.02	0.02	0.12
Guillaume de Tyr	0.02	0.09	0.03	0.17	0.38	0.02	0.14	0.03	0.02	0.11
Edward Elgar	0.05	0.04	0.54	0.19	0.01	0.01	0.02	0.08	0.01	0.06
Rudolf Caracciola	0.01	0.0	0.34	0.12	0.0	0.28	0.02	0.01	0.01	0.22
John Barbirolli	0.06	0.07	0.37	0.08	0.05	0.05	0.09	0.11	0.06	0.06
Sandra Morgan	0.03	0.02	0.01	0.14	0.01	0.6	0.03	0.04	0.03	0.1
Robert de Jumièges	0.01	0.02	0.01	0.17	0.55	0.01	0.09	0.02	0.03	0.1
George Ledyard Stebbins	0.07	0.14	0.07	0.13	0.03	0.04	0.1	0.29	0.06	0.06
Joseph Johnson	0.01	0.41	0.03	0.14	0.01	0.01	0.01	0.18	0.12	0.07
