          total.deg in.deg out.deg bet        clo       eig cor
Literature        10      5       5   2 0.05877056 0.5250016   8
Art               10      2       8  31 0.05994695 0.3465311   8
Warfare           11      5       6   5 0.05944380 0.3988530   8
Business          10      4       6   3 0.05839085 0.4609742   8
Humanities        13      6       7  20 0.05943539 0.4504929   8
Personal          26     15      11  31 0.06060476 1.0000000   8
Media             10      7       3  10 0.05864404 0.4691145   8
Law                8      3       5   0 0.05911677 0.4252555   8
Sports             1      0       1   0 0.87325416 0.0589417   1
Religion          10      4       6  11 0.05892329 0.3496586   8
Royalty           10      6       4   7 0.05885305 0.3086394   8
Music              5      2       3   0 0.05849460 0.2641752   5
Science           10      5       5  13 0.05892819 0.4487590   8
Politics          16     10       6  12 0.05920711 0.6336208   8
Education         21     13       8  50 0.05964850 0.7660509   8
Explorers          7      2       5   4 0.05904126 0.2802035   7